frame,card1Name,card1Label,card2Name,card2Label,card3Name,card3Label,card4Name,card4Label,cardPlayedName,cardPlayedLabel,slotPlayed,elixir,predicted_cardPlayed,y_cardPlayed,y_elixirConsumed
00255,The Log,98.0,Tornado,101.0,Knight,58.0,Ice Wizard,55.0,,,,6,,,
00270,The Log,98.0,Tornado,101.0,Knight,58.0,Ice Wizard,55.0,,,,6,,,
00285,The Log,98.0,Tornado,101.0,Knight,58.0,Ice Wizard,55.0,,,,7,,,
00300,The Log,98.0,Tornado,101.0,Knight,58.0,Ice Wizard,55.0,,,,7,,,
00315,The Log,98.0,Tornado,101.0,Knight,58.0,Ice Wizard,55.0,,,,7,,,
00330,The Log,98.0,Tornado,101.0,Knight,58.0,Ice Wizard,55.0,,,,7,,,
00345,The Log,98.0,Tornado,101.0,Knight,58.0,Ice Wizard,55.0,,,,7,,,
00360,The Log,98.0,Tornado,101.0,Knight,58.0,Ice Wizard,55.0,,,,7,,,
00375,The Log,98.0,Tornado,101.0,Knight,58.0,Ice Wizard,55.0,,,,8,,,
00390,The Log,98.0,Tornado,101.0,Knight,58.0,Ice Wizard,55.0,,,,8,,,
00405,The Log,98.0,Tornado,101.0,Knight,58.0,Ice Wizard,55.0,,,,8,,,
00420,The Log,98.0,Tornado,101.0,Knight,58.0,Ice Wizard,55.0,,,,8,,,
00435,The Log,98.0,Tornado,101.0,Knight,58.0,Ice Wizard,55.0,,,,8,,,
00450,The Log,98.0,Tornado,101.0,Knight,58.0,Ice Wizard,55.0,,,,9,,,
00465,The Log,98.0,Tornado,101.0,Knight,58.0,Ice Wizard,55.0,,,,9,,,
00480,The Log,98.0,Tornado,101.0,Knight,58.0,Ice Wizard,55.0,,,,9,,,
00495,The Log,98.0,Tornado,101.0,Knight,58.0,Ice Wizard,55.0,,,,9,,,
00510,The Log,98.0,Tornado,101.0,Knight,58.0,Ice Wizard,55.0,,,,9,,,
00525,The Log,98.0,Tornado,101.0,Knight,58.0,Ice Wizard,55.0,,,,9,,,
00540,The Log,98.0,Tornado,101.0,Knight,58.0,Ice Wizard,55.0,,,,10,,,
00555,The Log,98.0,Tornado,101.0,Knight,58.0,Ice Wizard,55.0,,,,10,,,
00570,The Log,98.0,Tornado,101.0,Knight,58.0,Ice Wizard,55.0,,,,10,,,
00585,The Log,98.0,Tornado,101.0,Knight,58.0,Ice Wizard,55.0,,,,10,,,
00600,The Log,98.0,Tornado,101.0,Knight,58.0,Ice Wizard,55.0,,,,10,,,
00615,The Log,98.0,Tornado,101.0,Knight,58.0,Ice Wizard,55.0,,,,10,,,
00630,The Log,98.0,Tornado,101.0,Knight,58.0,Ice Wizard,55.0,,,,10,,,
00645,The Log,98.0,Tornado,101.0,Knight,58.0,Ice Wizard,55.0,,,,10,,,
00660,The Log,98.0,Tornado,101.0,Knight,58.0,Ice Wizard,55.0,,,,10,,,
00675,X,106.0,Tornado,101.0,Knight,58.0,Ice Wizard,55.0,,,,8,,,
00690,X,106.0,Tornado,101.0,Knight,58.0,Ice Wizard,55.0,,,,8,,,
00705,X,106.0,Tornado,101.0,Knight,58.0,Ice Wizard,55.0,,,,8,,,
00720,X,106.0,Tornado,101.0,Knight,58.0,Ice Wizard,55.0,,,,8,,,
00735,X,106.0,Tornado,101.0,Knight,58.0,Ice Wizard,55.0,,,,8,,,
00750,X,106.0,Tornado,101.0,Knight,58.0,Ice Wizard,55.0,,,,9,,,
00765,X,106.0,Tornado,101.0,Knight,58.0,Ice Wizard,55.0,,,,9,,,
00780,X,106.0,Tornado,101.0,Knight,58.0,Ice Wizard,55.0,,,,9,,,
00795,X,106.0,Tornado,101.0,Knight,58.0,Ice Wizard,55.0,,,,9,,,
00810,X,106.0,Tornado,101.0,Knight,58.0,Ice Wizard,55.0,,,,9,,,
00825,X,106.0,Tornado,101.0,Knight,58.0,Ice Wizard,55.0,,,,9,,,
00840,Skeletons,94.0,Tornado,101.0,Knight,58.0,Ice Wizard,55.0,,,,4,,,
00855,Skeletons,94.0,Tornado,101.0,Knight,58.0,Ice Wizard,55.0,,,,4,,,
00870,Skeletons,94.0,Tornado,101.0,Knight,58.0,Ice Wizard,55.0,,,,4,,,
00885,Skeletons,94.0,Tornado,101.0,Knight,58.0,Ice Wizard,55.0,,,,4,,,
00900,Skeletons,94.0,Tornado,101.0,Knight,58.0,Ice Wizard,55.0,,,,4,,,
00915,Skeletons,94.0,Tornado,101.0,Knight,58.0,Ice Wizard,55.0,,,,4,,,
00930,Skeletons,94.0,Tornado,101.0,Knight,58.0,Ice Wizard,55.0,,,,5,,,
00945,Skeletons,94.0,Tornado,101.0,Knight,58.0,Ice Wizard,55.0,,,,5,,,
00960,Skeletons,94.0,Tornado,101.0,Knight,58.0,Ice Wizard,55.0,,,,5,,,
00975,Skeletons,94.0,Tornado,101.0,Knight,58.0,Ice Wizard,55.0,,,,5,,,
00990,Skeletons,94.0,Tornado,101.0,Knight,58.0,Ice Wizard,55.0,,,,5,,,
01005,Tesla,97.0,Tornado,101.0,Knight,58.0,Ice Wizard,55.0,,,,5,,,
01020,Tesla,97.0,Tornado,101.0,Knight,58.0,Ice Wizard,55.0,,,,5,,,
01035,Tesla,97.0,Tornado,101.0,Knight,58.0,Ice Wizard,55.0,,,,5,,,
01050,Tesla,97.0,Tornado,101.0,Knight,58.0,Ice Wizard,55.0,,,,5,,,
01065,Tesla,97.0,Tornado,101.0,Knight,58.0,Ice Wizard,55.0,,,,5,,,
01080,Tesla,97.0,Tornado,101.0,Knight,58.0,Ice Wizard,55.0,,,,5,,,
01095,Tesla,97.0,Tornado,101.0,Knight,58.0,Ice Wizard,55.0,,,,6,,,
01110,Tesla,97.0,Tornado,101.0,Knight,58.0,Ice Wizard,55.0,,,,6,,,
01125,Tesla,97.0,Tornado,101.0,Knight,58.0,Ice Wizard,55.0,,,,6,,,
01140,Tesla,97.0,Tornado,101.0,Knight,58.0,Ice Wizard,55.0,,,,6,,,
01155,Tesla,97.0,Tornado,101.0,Knight,58.0,Ice Wizard,55.0,,,,6,,,
01170,Tesla,97.0,Tornado,101.0,Knight,58.0,Ice Wizard,55.0,,,,6,,,
01185,Tesla,97.0,Tornado,101.0,Knight,58.0,Ice Wizard,55.0,,,,7,,,
01200,Tesla,97.0,Tornado,101.0,Knight,58.0,Ice Wizard,55.0,,,,7,,,
01215,Tesla,97.0,Tornado,101.0,Knight,58.0,Ice Wizard,55.0,,,,7,,,
01230,Tesla,97.0,Tornado,101.0,Knight,58.0,Ice Wizard,55.0,,,,7,,,
01245,Tesla,97.0,Tornado,101.0,Knight,58.0,Ice Wizard,55.0,,,,7,,,
01260,Tesla,97.0,Tornado,101.0,Knight,58.0,Ice Wizard,55.0,,,,8,,,
01275,Tesla,97.0,Tornado,101.0,Rocket,84.0,Ice Wizard,55.0,,,,5,,,
01290,Tesla,97.0,Tornado,101.0,Rocket,84.0,Ice Wizard,55.0,,,,5,,,
01305,Tesla,97.0,Tornado,101.0,Rocket,84.0,Ice Wizard,55.0,,,,5,,,
01320,Tesla,97.0,Tornado,101.0,Rocket,84.0,Ice Wizard,55.0,,,,5,,,
01335,Tesla,97.0,Tornado,101.0,Rocket,84.0,Ice Wizard,55.0,,,,5,,,
01350,Tesla,97.0,Tornado,101.0,Rocket,84.0,Ice Wizard,55.0,,,,6,,,
01365,Tesla,97.0,Tornado,101.0,Rocket,84.0,Ice Wizard,55.0,,,,6,,,
01380,Tesla,97.0,Tornado,101.0,Rocket,84.0,Ice Wizard,55.0,,,,6,,,
01395,Tesla,97.0,Tornado,101.0,Rocket,84.0,Ice Wizard,55.0,,,,6,,,
01410,Tesla,97.0,Tornado,101.0,Rocket,84.0,Ice Wizard,55.0,,,,6,,,
01425,Tesla,97.0,Tornado,101.0,Rocket,84.0,Ice Wizard,55.0,,,,7,,,
01440,Tesla,97.0,Tornado,101.0,Rocket,84.0,Ice Wizard,55.0,,,,7,,,
01455,Tesla,97.0,Tornado,101.0,Rocket,84.0,Ice Wizard,55.0,,,,7,,,
01470,Tesla,97.0,Tornado,101.0,Rocket,84.0,Ice Wizard,55.0,,,,7,,,
01485,Tesla,97.0,Tornado,101.0,Rocket,84.0,Ice Wizard,55.0,,,,7,,,
01500,Tesla,97.0,Tornado,101.0,Rocket,84.0,Ice Wizard,55.0,,,,7,,,
01515,Tesla,97.0,Tornado,101.0,Rocket,84.0,Ice Wizard,55.0,,,,8,,,
01530,Tesla,97.0,Tornado,101.0,Rocket,84.0,Ice Wizard,55.0,,,,8,,,
01545,Tesla,97.0,Tornado,101.0,Rocket,84.0,Ice Wizard,55.0,,,,8,,,
01560,Tesla,97.0,Tornado,101.0,Rocket,84.0,Ice Wizard,55.0,,,,8,,,
01575,Tesla,97.0,Tornado,101.0,Rocket,84.0,Ice Wizard,55.0,,,,8,,,
01590,Tesla,97.0,Tornado,101.0,Rocket,84.0,Ice Wizard,55.0,,,,8,,,
01605,Tesla,97.0,Tornado,101.0,Rocket,84.0,Ice Wizard,55.0,,,,9,,,
01620,Tesla,97.0,Tornado,101.0,Rocket,84.0,Ice Wizard,55.0,,,,9,,,
01635,Tesla,97.0,Tornado,101.0,Rocket,84.0,Ice Wizard,55.0,,,,9,,,
01650,Tesla,97.0,Tornado,101.0,Rocket,84.0,Ice Wizard,55.0,,,,9,,,
01665,Tesla,97.0,Tornado,101.0,Rocket,84.0,The Log,98.0,,,,6,,,
01680,Tesla,97.0,Tornado,101.0,Rocket,84.0,The Log,98.0,,,,7,,,
01695,Tesla,97.0,Tornado,101.0,Rocket,84.0,The Log,98.0,,,,7,,,
01710,Tesla,97.0,Tornado,101.0,Rocket,84.0,The Log,98.0,,,,7,,,
01725,Tesla,97.0,Tornado,101.0,Rocket,84.0,The Log,98.0,,,,7,,,
01740,Tesla,97.0,Tornado,101.0,Rocket,84.0,The Log,98.0,,,,7,,,
01755,Tesla,97.0,Tornado,101.0,Rocket,84.0,The Log,98.0,,,,7,,,
01770,Tesla,97.0,Tornado,101.0,Rocket,84.0,The Log,98.0,,,,8,,,
01785,Tesla,97.0,Tornado,101.0,Rocket,84.0,The Log,98.0,,,,8,,,
01800,Tesla,97.0,Tornado,101.0,Rocket,84.0,The Log,98.0,,,,8,,,
01815,Tesla,97.0,Tornado,101.0,Rocket,84.0,The Log,98.0,,,,8,,,
01830,Tesla,97.0,Tornado,101.0,Rocket,84.0,The Log,98.0,,,,8,,,
01845,Tesla,97.0,Tornado,101.0,Rocket,84.0,The Log,98.0,,,,9,,,
01860,Tesla,97.0,Tornado,101.0,Rocket,84.0,The Log,98.0,,,,9,,,
01875,Tesla,97.0,Tornado,101.0,Rocket,84.0,The Log,98.0,,,,9,,,
01890,Tesla,97.0,Tornado,101.0,Rocket,84.0,The Log,98.0,,,,9,,,
01905,Tesla,97.0,Tornado,101.0,Rocket,84.0,The Log,98.0,,,,9,,,
01920,Tesla,97.0,Tornado,101.0,Rocket,84.0,The Log,98.0,,,,9,,,
01935,Tesla,97.0,Tornado,101.0,Rocket,84.0,X,106.0,,,,8,,,
01950,Tesla,97.0,Tornado,101.0,Rocket,84.0,X,106.0,,,,8,,,
01965,Tesla,97.0,Tornado,101.0,Rocket,84.0,X,106.0,,,,8,,,
01980,Tesla,97.0,Tornado,101.0,Rocket,84.0,X,106.0,,,,8,,,
01995,Tesla,97.0,Tornado,101.0,Rocket,84.0,X,106.0,,,,8,,,
02010,Tesla,97.0,Tornado,101.0,Rocket,84.0,X,106.0,,,,8,,,
02025,Tesla,97.0,Tornado,101.0,Rocket,84.0,X,106.0,,,,9,,,
02040,Tesla,97.0,Tornado,101.0,Rocket,84.0,X,106.0,,,,9,,,
02055,Tesla,97.0,Tornado,101.0,Rocket,84.0,X,106.0,,,,9,,,
02070,Tesla,97.0,Tornado,101.0,Rocket,84.0,X,106.0,,,,9,,,
02085,Tesla,97.0,Tornado,101.0,Rocket,84.0,X,106.0,,,,9,,,
02100,Tesla,97.0,Tornado,101.0,Rocket,84.0,X,106.0,,,,10,,,
02115,Tesla,97.0,Tornado,101.0,Rocket,84.0,X,106.0,,,,10,,,
02130,Tesla,97.0,Tornado,101.0,Rocket,84.0,X,106.0,,,,10,,,
02145,Tesla,97.0,Tornado,101.0,Rocket,84.0,X,106.0,,,,10,,,
02160,Skeletons,94.0,Tornado,101.0,Rocket,84.0,X,106.0,,,,6,,,
02175,Skeletons,94.0,Tornado,101.0,Rocket,84.0,X,106.0,,,,6,,,
02190,Skeletons,94.0,Tornado,101.0,Rocket,84.0,X,106.0,,,,6,,,
02205,Skeletons,94.0,Tornado,101.0,Rocket,84.0,X,106.0,,,,6,,,
02220,Skeletons,94.0,Tornado,101.0,Rocket,84.0,X,106.0,,,,6,,,
02235,Skeletons,94.0,Tornado,101.0,Rocket,84.0,X,106.0,,,,7,,,
02250,Skeletons,94.0,Knight,58.0,Rocket,84.0,X,106.0,,,,4,,,
02265,Skeletons,94.0,Knight,58.0,Rocket,84.0,X,106.0,,,,4,,,
02280,Skeletons,94.0,Knight,58.0,Rocket,84.0,X,106.0,,,,4,,,
02295,Ice Wizard,55.0,Knight,58.0,Rocket,84.0,X,106.0,,,,3,,,
02310,Ice Wizard,55.0,Knight,58.0,Rocket,84.0,X,106.0,,,,3,,,
02325,Ice Wizard,55.0,Knight,58.0,Rocket,84.0,X,106.0,,,,4,,,
02340,The Log,98.0,Knight,58.0,Rocket,84.0,X,106.0,,,,1,,,
02355,The Log,98.0,Knight,58.0,Rocket,84.0,X,106.0,,,,1,,,
02370,The Log,98.0,Knight,58.0,Rocket,84.0,X,106.0,,,,1,,,
02385,The Log,98.0,Knight,58.0,Rocket,84.0,X,106.0,,,,1,,,
02400,The Log,98.0,Knight,58.0,Rocket,84.0,X,106.0,,,,2,,,
02415,The Log,98.0,Knight,58.0,Rocket,84.0,X,106.0,,,,2,,,
02430,The Log,98.0,Knight,58.0,Rocket,84.0,X,106.0,,,,2,,,
02445,The Log,98.0,Knight,58.0,Rocket,84.0,X,106.0,,,,2,,,
02460,The Log,98.0,Knight,58.0,Rocket,84.0,X,106.0,,,,2,,,
02475,The Log,98.0,Knight,58.0,Rocket,84.0,X,106.0,,,,2,,,
02490,The Log,98.0,Knight,58.0,Rocket,84.0,X,106.0,,,,3,,,
02505,The Log,98.0,Knight,58.0,Rocket,84.0,X,106.0,,,,3,,,
02520,The Log,98.0,Knight,58.0,Rocket,84.0,X,106.0,,,,3,,,
02535,The Log,98.0,Knight,58.0,Rocket,84.0,X,106.0,,,,3,,,
02550,The Log,98.0,Knight,58.0,Rocket,84.0,X,106.0,,,,3,,,
02565,The Log,98.0,Knight,58.0,Rocket,84.0,X,106.0,,,,4,,,
02580,The Log,98.0,Knight,58.0,Rocket,84.0,X,106.0,,,,4,,,
02595,The Log,98.0,Knight,58.0,Rocket,84.0,X,106.0,,,,4,,,
02610,The Log,98.0,Knight,58.0,Rocket,84.0,X,106.0,,,,4,,,
02625,The Log,98.0,Knight,58.0,Rocket,84.0,X,106.0,,,,4,,,
02640,The Log,98.0,Knight,58.0,Rocket,84.0,X,106.0,,,,4,,,
02655,The Log,98.0,Knight,58.0,Rocket,84.0,X,106.0,,,,5,,,
02670,The Log,98.0,Knight,58.0,Rocket,84.0,X,106.0,,,,5,,,
02685,The Log,98.0,Knight,58.0,Rocket,84.0,X,106.0,,,,5,,,
02700,The Log,98.0,Knight,58.0,Rocket,84.0,X,106.0,,,,5,,,
02715,The Log,98.0,Knight,58.0,Rocket,84.0,X,106.0,,,,5,,,
02730,The Log,98.0,Knight,58.0,Rocket,84.0,X,106.0,,,,5,,,
02745,The Log,98.0,Knight,58.0,Rocket,84.0,X,106.0,,,,6,,,
02760,The Log,98.0,Knight,58.0,Rocket,84.0,X,106.0,,,,6,,,
02775,The Log,98.0,Knight,58.0,Rocket,84.0,Tesla,97.0,,,,0,,,
02790,The Log,98.0,Knight,58.0,Rocket,84.0,Tesla,97.0,,,,0,,,
02805,The Log,98.0,Knight,58.0,Rocket,84.0,Tesla,97.0,,,,0,,,
02820,The Log,98.0,Knight,58.0,Rocket,84.0,Tesla,97.0,,,,1,,,
02835,The Log,98.0,Knight,58.0,Rocket,84.0,Tesla,97.0,,,,1,,,
02850,The Log,98.0,Knight,58.0,Rocket,84.0,Tesla,97.0,,,,1,,,
02865,The Log,98.0,Knight,58.0,Rocket,84.0,Tesla,97.0,,,,1,,,
02880,The Log,98.0,Knight,58.0,Rocket,84.0,Tesla,97.0,,,,1,,,
02895,The Log,98.0,Knight,58.0,Rocket,84.0,Tesla,97.0,,,,1,,,
02910,The Log,98.0,Knight,58.0,Rocket,84.0,Tesla,97.0,,,,2,,,
02925,The Log,98.0,Knight,58.0,Rocket,84.0,Tesla,97.0,,,,2,,,
02940,The Log,98.0,Knight,58.0,Rocket,84.0,Tesla,97.0,,,,2,,,
02955,The Log,98.0,Knight,58.0,Rocket,84.0,Tesla,97.0,,,,2,,,
02970,The Log,98.0,Knight,58.0,Rocket,84.0,Tesla,97.0,,,,2,,,
02985,The Log,98.0,Knight,58.0,Rocket,84.0,Tesla,97.0,,,,3,,,
03000,The Log,98.0,Knight,58.0,Rocket,84.0,Tesla,97.0,,,,3,,,
03015,The Log,98.0,Knight,58.0,Rocket,84.0,Tesla,97.0,,,,3,,,
03030,The Log,98.0,Knight,58.0,Rocket,84.0,Tesla,97.0,,,,3,,,
03045,The Log,98.0,Knight,58.0,Rocket,84.0,Tesla,97.0,,,,3,,,
03060,The Log,98.0,Knight,58.0,Rocket,84.0,Tesla,97.0,,,,3,,,
03075,The Log,98.0,Knight,58.0,Rocket,84.0,Tesla,97.0,,,,4,,,
03090,Tornado,101.0,Miner,66.0,Rocket,84.0,Tesla,97.0,,,,2,,,
03105,Tornado,101.0,Miner,66.0,Rocket,84.0,Tesla,97.0,,,,2,,,
03120,Tornado,101.0,Miner,66.0,Rocket,84.0,Tesla,97.0,,,,2,,,
03135,Tornado,101.0,Knight,58.0,Rocket,84.0,Tesla,97.0,,,,2,,,
03150,Tornado,101.0,Knight,58.0,Rocket,84.0,Tesla,97.0,,,,2,,,
03165,Tornado,101.0,Knight,58.0,Rocket,84.0,Tesla,97.0,,,,3,,,
03180,Tornado,101.0,Knight,58.0,Rocket,84.0,Tesla,97.0,,,,3,,,
03195,Tornado,101.0,Knight,58.0,Rocket,84.0,Tesla,97.0,,,,3,,,
03210,Tornado,101.0,Skeletons,94.0,Rocket,84.0,Tesla,97.0,,,,0,,,
03225,Tornado,101.0,Skeletons,94.0,Rocket,84.0,Tesla,97.0,,,,0,,,
03240,Tornado,101.0,Skeletons,94.0,Rocket,84.0,Tesla,97.0,,,,1,,,
03255,Tornado,101.0,Skeletons,94.0,Rocket,84.0,Tesla,97.0,,,,1,,,
03270,Tornado,101.0,Skeletons,94.0,Rocket,84.0,Tesla,97.0,,,,1,,,
03285,Tornado,101.0,Skeletons,94.0,Rocket,84.0,Tesla,97.0,,,,1,,,
03300,Tornado,101.0,Skeletons,94.0,Rocket,84.0,Tesla,97.0,,,,1,,,
03315,Tornado,101.0,Skeletons,94.0,Rocket,84.0,Tesla,97.0,,,,1,,,
03330,Tornado,101.0,Skeletons,94.0,Rocket,84.0,Tesla,97.0,,,,2,,,
03345,Tornado,101.0,Skeletons,94.0,Rocket,84.0,Tesla,97.0,,,,2,,,
03360,Tornado,101.0,Skeletons,94.0,Rocket,84.0,Tesla,97.0,,,,2,,,
03375,Tornado,101.0,Skeletons,94.0,Rocket,84.0,Tesla,97.0,,,,2,,,
03390,Tornado,101.0,Skeletons,94.0,Rocket,84.0,Tesla,97.0,,,,2,,,
03405,Tornado,101.0,Skeletons,94.0,Rocket,84.0,Tesla,97.0,,,,2,,,
03420,Tornado,101.0,Skeletons,94.0,Rocket,84.0,Tesla,97.0,,,,3,,,
03435,Tornado,101.0,Skeletons,94.0,Rocket,84.0,Tesla,97.0,,,,3,,,
03450,Tornado,101.0,Skeletons,94.0,Rocket,84.0,Tesla,97.0,,,,3,,,
03465,Tornado,101.0,Skeletons,94.0,Rocket,84.0,Tesla,97.0,,,,3,,,
03480,Tornado,101.0,Skeletons,94.0,Rocket,84.0,Tesla,97.0,,,,3,,,
03495,Tornado,101.0,Skeletons,94.0,Rocket,84.0,Tesla,97.0,,,,4,,,
03510,Tornado,101.0,Skeletons,94.0,Rocket,84.0,Tesla,97.0,,,,4,,,
03525,Tornado,101.0,Skeletons,94.0,Rocket,84.0,Tesla,97.0,,,,4,,,
03540,Tornado,101.0,Skeletons,94.0,Rocket,84.0,Tesla,97.0,,,,4,,,
03555,Tornado,101.0,Skeletons,94.0,Rocket,84.0,Tesla,97.0,,,,4,,,
03570,Tornado,101.0,Skeletons,94.0,Rocket,84.0,Tesla,97.0,,,,4,,,
03585,Tornado,101.0,Skeletons,94.0,Rocket,84.0,Tesla,97.0,,,,5,,,
03600,Tornado,101.0,Skeletons,94.0,Rocket,84.0,Tesla,97.0,,,,5,,,
03615,Tornado,101.0,Skeletons,94.0,Rocket,84.0,Tesla,97.0,,,,5,,,
03630,Tornado,101.0,Skeletons,94.0,Rocket,84.0,Tesla,97.0,,,,5,,,
03645,Tornado,101.0,Skeletons,94.0,Rocket,84.0,Tesla,97.0,,,,5,,,
03660,Tornado,101.0,Skeletons,94.0,Rocket,84.0,Tesla,97.0,,,,6,,,
03675,Tornado,101.0,Skeletons,94.0,Rocket,84.0,Tesla,97.0,,,,6,,,
03690,Tornado,101.0,Skeletons,94.0,Rocket,84.0,Tesla,97.0,,,,6,,,
03705,Tornado,101.0,Skeletons,94.0,Rocket,84.0,Tesla,97.0,,,,6,,,
03720,Tornado,101.0,Skeletons,94.0,Rocket,84.0,Tesla,97.0,,,,6,,,
03735,Tornado,101.0,Skeletons,94.0,Rocket,84.0,Tesla,97.0,,,,6,,,
03750,Tornado,101.0,Skeletons,94.0,Rocket,84.0,Tesla,97.0,,,,7,,,
03765,Tornado,101.0,Skeletons,94.0,Rocket,84.0,Tesla,97.0,,,,7,,,
03780,Tornado,101.0,Skeletons,94.0,Rocket,84.0,Tesla,97.0,,,,7,,,
03795,Tornado,101.0,Skeletons,94.0,Rocket,84.0,Tesla,97.0,,,,7,,,
03810,Tornado,101.0,Skeletons,94.0,Rocket,84.0,Tesla,97.0,,,,8,,,
03825,Tornado,101.0,Skeletons,94.0,Rocket,84.0,Tesla,97.0,,,,8,,,
03840,Tornado,101.0,Ice Wizard,55.0,Rocket,84.0,Tesla,97.0,,,,8,,,
03855,Tornado,101.0,Ice Wizard,55.0,Rocket,84.0,Tesla,97.0,,,,8,,,
03870,Tornado,101.0,Ice Wizard,55.0,Rocket,84.0,Tesla,97.0,,,,9,,,
03885,Tornado,101.0,Elite Barbarians,25.0,Rocket,84.0,Tesla,97.0,,,,6,,,
03900,Tornado,101.0,X,106.0,Rocket,84.0,Tesla,97.0,,,,6,,,
03915,Tornado,101.0,X,106.0,Rocket,84.0,Tesla,97.0,,,,7,,,
03930,Tornado,101.0,X,106.0,Rocket,84.0,Tesla,97.0,,,,7,,,
03945,Tornado,101.0,Hog Rider,51.0,Rocket,84.0,Tesla,97.0,,,,1,,,
03960,Tornado,101.0,The Log,98.0,Rocket,84.0,Tesla,97.0,,,,2,,,
03975,Tornado,101.0,The Log,98.0,Rocket,84.0,Tesla,97.0,,,,2,,,
03990,Tornado,101.0,The Log,98.0,Rocket,84.0,Tesla,97.0,,,,2,,,
04005,Tornado,101.0,The Log,98.0,Rocket,84.0,Tesla,97.0,,,,3,,,
04020,Tornado,101.0,The Log,98.0,Rocket,84.0,Tesla,97.0,,,,3,,,
04035,Tornado,101.0,The Log,98.0,Rocket,84.0,Tesla,97.0,,,,3,,,
04050,Tornado,101.0,The Log,98.0,Rocket,84.0,Tesla,97.0,,,,4,,,
04065,Tornado,101.0,The Log,98.0,Rocket,84.0,Tesla,97.0,,,,4,,,
04080,Tornado,101.0,The Log,98.0,Rocket,84.0,Knight,58.0,,,,1,,,
04095,Tornado,101.0,The Log,98.0,Rocket,84.0,Knight,58.0,,,,1,,,
04110,Tornado,101.0,The Log,98.0,Rocket,84.0,Knight,58.0,,,,1,,,
04125,Tornado,101.0,The Log,98.0,Rocket,84.0,Knight,58.0,,,,2,,,
04140,Tornado,101.0,The Log,98.0,Rocket,84.0,Knight,58.0,,,,2,,,
04155,Tornado,101.0,The Log,98.0,Rocket,84.0,Knight,58.0,,,,2,,,
04170,Tornado,101.0,The Log,98.0,Rocket,84.0,Knight,58.0,,,,3,,,
04185,Tornado,101.0,The Log,98.0,Rocket,84.0,Knight,58.0,,,,3,,,
04200,Tornado,101.0,The Log,98.0,Rocket,84.0,Knight,58.0,,,,3,,,
04215,Tornado,101.0,The Log,98.0,Rocket,84.0,Knight,58.0,,,,4,,,
04230,Tornado,101.0,The Log,98.0,Rocket,84.0,Knight,58.0,,,,4,,,
04245,Tornado,101.0,Skeletons,94.0,Rocket,84.0,Knight,58.0,,,,2,,,
04260,Tornado,101.0,Skeletons,94.0,Rocket,84.0,Knight,58.0,,,,3,,,
04275,Tornado,101.0,Skeletons,94.0,Rocket,84.0,Knight,58.0,,,,3,,,
04290,Tornado,101.0,Skeletons,94.0,Rocket,84.0,Knight,58.0,,,,4,,,
04305,Tornado,101.0,Skeletons,94.0,Rocket,84.0,Knight,58.0,,,,4,,,
04320,Tornado,101.0,Skeletons,94.0,Rocket,84.0,Knight,58.0,,,,4,,,
04335,Tornado,101.0,Skeletons,94.0,Rocket,84.0,Knight,58.0,,,,5,,,
04350,Tornado,101.0,Skeletons,94.0,Rocket,84.0,Knight,58.0,,,,5,,,
04365,Tornado,101.0,Skeletons,94.0,Rocket,84.0,Knight,58.0,,,,5,,,
04380,Tornado,101.0,Skeletons,94.0,Rocket,84.0,Knight,58.0,,,,6,,,
04395,Tornado,101.0,Skeletons,94.0,Rocket,84.0,Knight,58.0,,,,6,,,
04410,Tornado,101.0,Skeletons,94.0,Rocket,84.0,Knight,58.0,,,,6,,,
04425,Tornado,101.0,Skeletons,94.0,Rocket,84.0,Knight,58.0,,,,7,,,
04440,Tornado,101.0,Skeletons,94.0,Rocket,84.0,Knight,58.0,,,,7,,,
04455,Tornado,101.0,Ice Wizard,55.0,Rocket,84.0,Knight,58.0,,,,6,,,
04470,Tornado,101.0,Ice Wizard,55.0,Rocket,84.0,Knight,58.0,,,,7,,,
04485,Tornado,101.0,Ice Wizard,55.0,Rocket,84.0,Knight,58.0,,,,7,,,
04500,Tornado,101.0,Ice Wizard,55.0,Rocket,84.0,Knight,58.0,,,,8,,,
04515,Tornado,101.0,Ice Wizard,55.0,Rocket,84.0,Knight,58.0,,,,8,,,
04530,Tornado,101.0,Ice Wizard,55.0,Rocket,84.0,Knight,58.0,,,,8,,,
04545,Tornado,101.0,Ice Wizard,55.0,Rocket,84.0,Knight,58.0,,,,9,,,
04560,Tornado,101.0,X,106.0,Rocket,84.0,Knight,58.0,,,,6,,,
04575,Tornado,101.0,X,106.0,Rocket,84.0,Knight,58.0,,,,6,,,
04590,Tornado,101.0,X,106.0,Rocket,84.0,Knight,58.0,,,,7,,,
04605,Tornado,101.0,X,106.0,Rocket,84.0,Knight,58.0,,,,7,,,
04620,Tornado,101.0,Tesla,97.0,Rocket,84.0,Knight,58.0,,,,1,,,
04635,Tornado,101.0,Tesla,97.0,Rocket,84.0,Knight,58.0,,,,2,,,
04650,Tornado,101.0,Tesla,97.0,Rocket,84.0,Knight,58.0,,,,2,,,
04665,Tornado,101.0,Tesla,97.0,Rocket,84.0,Knight,58.0,,,,2,,,
04680,Tornado,101.0,Tesla,97.0,Rocket,84.0,Knight,58.0,,,,3,,,
04695,Tornado,101.0,Tesla,97.0,Rocket,84.0,Knight,58.0,,,,3,,,
04710,Tornado,101.0,Tesla,97.0,Rocket,84.0,Knight,58.0,,,,4,,,
04725,Tornado,101.0,Tesla,97.0,Rocket,84.0,Knight,58.0,,,,4,,,
04740,Tornado,101.0,Tesla,97.0,Rocket,84.0,Knight,58.0,,,,4,,,
04755,Tornado,101.0,The Log,98.0,Rocket,84.0,Knight,58.0,,,,1,,,
04770,Tornado,101.0,The Log,98.0,Rocket,84.0,Knight,58.0,,,,1,,,
04785,Tornado,101.0,The Log,98.0,Rocket,84.0,Knight,58.0,,,,1,,,
04800,Tornado,101.0,The Log,98.0,Rocket,84.0,Knight,58.0,,,,2,,,
04815,Tornado,101.0,The Log,98.0,Rocket,84.0,Knight,58.0,,,,2,,,
04830,Tornado,101.0,The Log,98.0,Rocket,84.0,Knight,58.0,,,,2,,,
04845,Tornado,101.0,The Log,98.0,Rocket,84.0,Knight,58.0,,,,3,,,
04860,Tornado,101.0,The Log,98.0,Rocket,84.0,Knight,58.0,,,,3,,,
04875,Tornado,101.0,The Log,98.0,Rocket,84.0,Knight,58.0,,,,3,,,
04890,Tornado,101.0,The Log,98.0,Rocket,84.0,Knight,58.0,,,,4,,,
04905,Tornado,101.0,The Log,98.0,Rocket,84.0,Knight,58.0,,,,4,,,
04920,Tornado,101.0,The Log,98.0,Rocket,84.0,Knight,58.0,,,,5,,,
04935,Tornado,101.0,The Log,98.0,Rocket,84.0,Knight,58.0,,,,5,,,
04950,Tornado,101.0,The Log,98.0,Rocket,84.0,Knight,58.0,,,,5,,,
04965,Tornado,101.0,The Log,98.0,Rocket,84.0,Knight,58.0,,,,6,,,
04980,Tornado,101.0,The Log,98.0,Rocket,84.0,Knight,58.0,,,,6,,,
04995,Tornado,101.0,The Log,98.0,Rocket,84.0,Knight,58.0,,,,6,,,
05010,Tornado,101.0,The Log,98.0,Rocket,84.0,Knight,58.0,,,,7,,,
05025,Tornado,101.0,The Log,98.0,Rocket,84.0,Knight,58.0,,,,7,,,
05040,Tornado,101.0,The Log,98.0,Rocket,84.0,Knight,58.0,,,,7,,,
05055,Tornado,101.0,Skeletons,94.0,Rocket,84.0,Knight,58.0,,,,6,,,
05070,Tornado,101.0,Skeletons,94.0,Rocket,84.0,Knight,58.0,,,,6,,,
05085,Tornado,101.0,Skeletons,94.0,Rocket,84.0,Knight,58.0,,,,6,,,
05100,Tornado,101.0,Skeletons,94.0,Rocket,84.0,Knight,58.0,,,,7,,,
05115,Tornado,101.0,Skeletons,94.0,Rocket,84.0,Knight,58.0,,,,7,,,
05130,Tornado,101.0,Skeletons,94.0,Rocket,84.0,Knight,58.0,,,,7,,,
05145,Tornado,101.0,Ice Wizard,55.0,Rocket,84.0,Knight,58.0,,,,7,,,
05160,Tornado,101.0,Ice Wizard,55.0,Rocket,84.0,Knight,58.0,,,,7,,,
05175,Tornado,101.0,Ice Wizard,55.0,Rocket,84.0,Knight,58.0,,,,8,,,
05190,Tornado,101.0,Ice Wizard,55.0,Rocket,84.0,Knight,58.0,,,,8,,,
05205,Tornado,101.0,Ice Wizard,55.0,Rocket,84.0,Knight,58.0,,,,8,,,
05220,Tornado,101.0,Ice Wizard,55.0,Rocket,84.0,Knight,58.0,,,,9,,,
05235,Tornado,101.0,Ice Wizard,55.0,Rocket,84.0,Knight,58.0,,,,9,,,
05250,Tornado,101.0,Ice Wizard,55.0,Rocket,84.0,Knight,58.0,,,,9,,,
05265,Tornado,101.0,Ice Wizard,55.0,Rocket,84.0,Knight,58.0,,,,10,,,
05280,Tornado,101.0,Ice Wizard,55.0,Rocket,84.0,Knight,58.0,,,,10,,,
05295,Tornado,101.0,X,106.0,Rocket,84.0,Knight,58.0,,,,7,,,
05310,Tornado,101.0,X,106.0,Rocket,84.0,Knight,58.0,,,,7,,,
05325,Tornado,101.0,X,106.0,Rocket,84.0,Knight,58.0,,,,7,,,
05340,Tornado,101.0,X,106.0,Rocket,84.0,Knight,58.0,,,,8,,,
05355,Tornado,101.0,X,106.0,Rocket,84.0,Knight,58.0,,,,8,,,
05370,Tornado,101.0,Tesla,97.0,Rocket,84.0,Knight,58.0,,,,3,,,
05385,Tornado,101.0,Tesla,97.0,Rocket,84.0,Knight,58.0,,,,3,,,
05400,Tornado,101.0,Tesla,97.0,Rocket,84.0,Knight,58.0,,,,3,,,
05415,Tornado,101.0,Tesla,97.0,Rocket,84.0,Knight,58.0,,,,4,,,
05430,Tornado,101.0,Tesla,97.0,Rocket,84.0,Knight,58.0,,,,4,,,
05445,Tornado,101.0,Tesla,97.0,Rocket,84.0,Knight,58.0,,,,4,,,
05460,Tornado,101.0,Tesla,97.0,Rocket,84.0,Knight,58.0,,,,5,,,
05475,Tornado,101.0,Tesla,97.0,Rocket,84.0,Knight,58.0,,,,5,,,
05490,Tornado,101.0,Tesla,97.0,Rocket,84.0,Knight,58.0,,,,5,,,
05505,Tornado,101.0,Tesla,97.0,Rocket,84.0,Knight,58.0,,,,6,,,
05520,Tornado,101.0,Tesla,97.0,Rocket,84.0,Knight,58.0,,,,6,,,
05535,Tornado,101.0,Tesla,97.0,Rocket,84.0,Knight,58.0,,,,6,,,
05550,Tornado,101.0,Tesla,97.0,Rocket,84.0,Knight,58.0,,,,7,,,
05565,Tornado,101.0,Tesla,97.0,Rocket,84.0,Knight,58.0,,,,7,,,
05580,Tornado,101.0,Tesla,97.0,Rocket,84.0,Knight,58.0,,,,7,,,
05595,Tornado,101.0,The Log,98.0,Rocket,84.0,Knight,58.0,,,,4,,,
05610,Tornado,101.0,The Log,98.0,Rocket,84.0,Knight,58.0,,,,4,,,
05625,Tornado,101.0,The Log,98.0,Rocket,84.0,Knight,58.0,,,,5,,,
05640,Tornado,101.0,The Log,98.0,Rocket,84.0,Knight,58.0,,,,5,,,
05655,Tornado,101.0,The Log,98.0,Rocket,84.0,Knight,58.0,,,,5,,,
05670,Tornado,101.0,The Log,98.0,Rocket,84.0,Skeletons,94.0,,,,3,,,
05685,Tornado,101.0,The Log,98.0,Rocket,84.0,Skeletons,94.0,,,,3,,,
05700,Tornado,101.0,The Log,98.0,Rocket,84.0,Skeletons,94.0,,,,3,,,
05715,Tornado,101.0,The Log,98.0,Rocket,84.0,Skeletons,94.0,,,,4,,,
05730,Tornado,101.0,The Log,98.0,Rocket,84.0,Skeletons,94.0,,,,4,,,
05745,Tornado,101.0,The Log,98.0,Rocket,84.0,Skeletons,94.0,,,,4,,,
05760,Tornado,101.0,Ice Wizard,55.0,Rocket,84.0,Skeletons,94.0,,,,3,,,
05775,Tornado,101.0,Ice Wizard,55.0,Rocket,84.0,X,106.0,,,,2,,,
05790,Tornado,101.0,Ice Wizard,55.0,Rocket,84.0,X,106.0,,,,3,,,
05805,Tornado,101.0,Ice Wizard,55.0,Rocket,84.0,X,106.0,,,,3,,,
05820,Tornado,101.0,Ice Wizard,55.0,Rocket,84.0,X,106.0,,,,3,,,
05835,Tornado,101.0,Ice Wizard,55.0,Rocket,84.0,X,106.0,,,,4,,,
05850,Tornado,101.0,Ice Wizard,55.0,Rocket,84.0,X,106.0,,,,4,,,
05865,Tornado,101.0,Ice Wizard,55.0,Rocket,84.0,X,106.0,,,,4,,,
05880,Tornado,101.0,Ice Wizard,55.0,Rocket,84.0,X,106.0,,,,5,,,
05895,Tornado,101.0,Ice Wizard,55.0,Rocket,84.0,X,106.0,,,,5,,,
05910,Tornado,101.0,Ice Wizard,55.0,Rocket,84.0,X,106.0,,,,5,,,
05925,Tornado,101.0,Ice Wizard,55.0,Rocket,84.0,X,106.0,,,,6,,,
05940,Tornado,101.0,Ice Wizard,55.0,Rocket,84.0,X,106.0,,,,6,,,
05955,Tornado,101.0,Ice Wizard,55.0,Rocket,84.0,X,106.0,,,,6,,,
05970,Tornado,101.0,Ice Wizard,55.0,Rocket,84.0,X,106.0,,,,7,,,
05985,Tornado,101.0,Ice Wizard,55.0,Rocket,84.0,X,106.0,,,,7,,,
06000,Tornado,101.0,Ice Wizard,55.0,Rocket,84.0,X,106.0,,,,8,,,
06015,Tornado,101.0,Ice Wizard,55.0,Rocket,84.0,X,106.0,,,,8,,,
06030,Tornado,101.0,Ice Wizard,55.0,Rocket,84.0,X,106.0,,,,8,,,
06045,Tornado,101.0,Ice Wizard,55.0,Tesla,97.0,X,106.0,,,,3,,,
06060,Tornado,101.0,Ice Wizard,55.0,Tesla,97.0,X,106.0,,,,3,,,
06075,Tornado,101.0,Ice Wizard,55.0,Tesla,97.0,X,106.0,,,,3,,,
06090,Tornado,101.0,Ice Wizard,55.0,Tesla,97.0,X,106.0,,,,4,,,
06105,Tornado,101.0,Ice Wizard,55.0,Tesla,97.0,X,106.0,,,,4,,,
06120,Tornado,101.0,Ice Wizard,55.0,Tesla,97.0,X,106.0,,,,4,,,
06135,Tornado,101.0,Ice Wizard,55.0,Tesla,97.0,X,106.0,,,,5,,,
06150,Tornado,101.0,Ice Wizard,55.0,Tesla,97.0,X,106.0,,,,5,,,
06165,Tornado,101.0,Ice Wizard,55.0,Tesla,97.0,X,106.0,,,,5,,,
06180,Tornado,101.0,Ice Wizard,55.0,Tesla,97.0,X,106.0,,,,6,,,
06195,Tornado,101.0,Ice Wizard,55.0,Tesla,97.0,X,106.0,,,,6,,,
06210,Tornado,101.0,Ice Wizard,55.0,Tesla,97.0,X,106.0,,,,7,,,
06225,Tornado,101.0,Ice Wizard,55.0,Tesla,97.0,X,106.0,,,,7,,,
06240,Tornado,101.0,Ice Wizard,55.0,Tesla,97.0,X,106.0,,,,7,,,
06255,Tornado,101.0,Ice Wizard,55.0,Tesla,97.0,Knight,58.0,,,,2,,,
06270,Tornado,101.0,Ice Wizard,55.0,Tesla,97.0,Knight,58.0,,,,2,,,
06285,Tornado,101.0,Ice Wizard,55.0,Tesla,97.0,Knight,58.0,,,,2,,,
06300,Tornado,101.0,Ice Wizard,55.0,Tesla,97.0,Knight,58.0,,,,3,,,
06315,Tornado,101.0,Ice Wizard,55.0,Tesla,97.0,Knight,58.0,,,,3,,,
06330,Tornado,101.0,Ice Wizard,55.0,Tesla,97.0,Knight,58.0,,,,3,,,
06345,Tornado,101.0,Ice Wizard,55.0,Tesla,97.0,Knight,58.0,,,,4,,,
06360,Tornado,101.0,Ice Wizard,55.0,Tesla,97.0,Knight,58.0,,,,4,,,
06375,Tornado,101.0,Ice Wizard,55.0,Tesla,97.0,Knight,58.0,,,,4,,,
06390,Tornado,101.0,Ice Wizard,55.0,Tesla,97.0,Knight,58.0,,,,5,,,
06405,Tornado,101.0,Ice Wizard,55.0,Tesla,97.0,Knight,58.0,,,,5,,,
06420,Tornado,101.0,Ice Wizard,55.0,Tesla,97.0,Knight,58.0,,,,6,,,
06435,Tornado,101.0,Ice Wizard,55.0,Tesla,97.0,Knight,58.0,,,,6,,,
06450,Tornado,101.0,Ice Wizard,55.0,Tesla,97.0,Knight,58.0,,,,6,,,
06465,Tornado,101.0,Ice Wizard,55.0,Tesla,97.0,Knight,58.0,,,,7,,,
06480,Tornado,101.0,Ice Wizard,55.0,Tesla,97.0,Knight,58.0,,,,7,,,
06495,Tornado,101.0,Ice Wizard,55.0,Tesla,97.0,Knight,58.0,,,,7,,,
06510,Tornado,101.0,Ice Wizard,55.0,Tesla,97.0,Knight,58.0,,,,8,,,
06525,Tornado,101.0,Ice Wizard,55.0,Tesla,97.0,Knight,58.0,,,,8,,,
06540,Tornado,101.0,Ice Wizard,55.0,The Log,98.0,Knight,58.0,,,,4,,,
06555,Tornado,101.0,Ice Wizard,55.0,The Log,98.0,Knight,58.0,,,,5,,,
06570,Tornado,101.0,Ice Wizard,55.0,The Log,98.0,Knight,58.0,,,,5,,,
06585,Tornado,101.0,Ice Wizard,55.0,The Log,98.0,Knight,58.0,,,,5,,,
06600,Tornado,101.0,Ice Wizard,55.0,The Log,98.0,Knight,58.0,,,,6,,,
06615,Tornado,101.0,Ice Wizard,55.0,The Log,98.0,Knight,58.0,,,,6,,,
06630,Skeletons,94.0,Ice Wizard,55.0,The Log,98.0,Knight,58.0,,,,4,,,
06645,Skeletons,94.0,Rocket,84.0,The Log,98.0,Knight,58.0,,,,1,,,
06660,Skeletons,94.0,Rocket,84.0,The Log,98.0,Knight,58.0,,,,1,,,
06675,Skeletons,94.0,Rocket,84.0,The Log,98.0,Knight,58.0,,,,2,,,
06690,X,106.0,Rocket,84.0,The Log,98.0,Knight,58.0,,,,1,,,
06705,X,106.0,Rocket,84.0,The Log,98.0,Knight,58.0,,,,1,,,
06720,X,106.0,Rocket,84.0,The Log,98.0,Knight,58.0,,,,2,,,
06735,X,106.0,Rocket,84.0,The Log,98.0,Knight,58.0,,,,2,,,
06750,X,106.0,Rocket,84.0,The Log,98.0,Knight,58.0,,,,2,,,
06765,X,106.0,Rocket,84.0,The Log,98.0,Knight,58.0,,,,3,,,
06780,X,106.0,Rocket,84.0,The Log,98.0,Knight,58.0,,,,3,,,
06795,X,106.0,Rocket,84.0,The Log,98.0,Knight,58.0,,,,3,,,
06810,X,106.0,Rocket,84.0,The Log,98.0,Knight,58.0,,,,4,,,
06825,X,106.0,Rocket,84.0,The Log,98.0,Tesla,97.0,,,,1,,,
06840,X,106.0,Rocket,84.0,The Log,98.0,Tesla,97.0,,,,2,,,
06855,X,106.0,Rocket,84.0,The Log,98.0,Tesla,97.0,,,,2,,,
06870,X,106.0,Rocket,84.0,The Log,98.0,Tesla,97.0,,,,2,,,
06885,X,106.0,Rocket,84.0,The Log,98.0,Tesla,97.0,,,,3,,,
06900,X,106.0,Rocket,84.0,The Log,98.0,Tesla,97.0,,,,3,,,
06915,X,106.0,Rocket,84.0,The Log,98.0,Tesla,97.0,,,,3,,,
06930,X,106.0,Rocket,84.0,The Log,98.0,Tesla,97.0,,,,4,,,
06945,X,106.0,Rocket,84.0,The Log,98.0,Tesla,97.0,,,,4,,,
06960,X,106.0,Rocket,84.0,The Log,98.0,Tesla,97.0,,,,4,,,
06975,X,106.0,Rocket,84.0,The Log,98.0,Tesla,97.0,,,,5,,,
06990,X,106.0,Rocket,84.0,The Log,98.0,Tesla,97.0,,,,5,,,
07005,X,106.0,Rocket,84.0,The Log,98.0,Tesla,97.0,,,,5,,,
07020,X,106.0,Rocket,84.0,The Log,98.0,Tesla,97.0,,,,6,,,
07035,X,106.0,Rocket,84.0,The Log,98.0,Tesla,97.0,,,,6,,,
07050,X,106.0,Rocket,84.0,The Log,98.0,Tesla,97.0,,,,7,,,
07065,X,106.0,Rocket,84.0,The Log,98.0,Tesla,97.0,,,,7,,,
07080,X,106.0,Rocket,84.0,The Log,98.0,Tesla,97.0,,,,7,,,
07095,X,106.0,Rocket,84.0,The Log,98.0,Tesla,97.0,,,,8,,,
07110,X,106.0,Rocket,84.0,The Log,98.0,Tesla,97.0,,,,8,,,
07125,X,106.0,Rocket,84.0,The Log,98.0,Tesla,97.0,,,,8,,,
07140,X,106.0,Rocket,84.0,The Log,98.0,Tesla,97.0,,,,9,,,
07155,X,106.0,Rocket,84.0,The Log,98.0,Tesla,97.0,,,,9,,,
07170,X,106.0,Rocket,84.0,The Log,98.0,Tesla,97.0,,,,9,,,
07185,X,106.0,Rocket,84.0,The Log,98.0,Tesla,97.0,,,,10,,,
07200,X,106.0,Rocket,84.0,The Log,98.0,Tornado,101.0,,,,6,,,
07215,X,106.0,Rocket,84.0,The Log,98.0,Tornado,101.0,,,,6,,,
07230,X,106.0,Rocket,84.0,The Log,98.0,Tornado,101.0,,,,6,,,
07245,X,106.0,Rocket,84.0,The Log,98.0,Tornado,101.0,,,,7,,,
07260,X,106.0,Rocket,84.0,The Log,98.0,Tornado,101.0,,,,7,,,
07275,X,106.0,Rocket,84.0,The Log,98.0,Tornado,101.0,,,,7,,,
07290,X,106.0,Rocket,84.0,The Log,98.0,Tornado,101.0,,,,8,,,
07305,X,106.0,Rocket,84.0,The Log,98.0,Tornado,101.0,,,,8,,,
07320,X,106.0,Rocket,84.0,The Log,98.0,Tornado,101.0,,,,8,,,
07335,X,106.0,Ice Wizard,55.0,The Log,98.0,Tornado,101.0,,,,3,,,
07350,X,106.0,Ice Wizard,55.0,The Log,98.0,Tornado,101.0,,,,3,,,
07365,X,106.0,Ice Wizard,55.0,The Log,98.0,Tornado,101.0,,,,4,,,
07380,X,106.0,Ice Wizard,55.0,The Log,98.0,Tornado,101.0,,,,4,,,
07395,X,106.0,Ice Wizard,55.0,The Log,98.0,Tornado,101.0,,,,4,,,
07410,X,106.0,Ice Wizard,55.0,The Log,98.0,Tornado,101.0,,,,5,,,
07425,X,106.0,Ice Wizard,55.0,The Log,98.0,Tornado,101.0,,,,6,,,
07440,X,106.0,Ice Wizard,55.0,The Log,98.0,Tornado,101.0,,,,6,,,
07455,X,106.0,Ice Wizard,55.0,The Log,98.0,Tornado,101.0,,,,7,,,
07470,X,106.0,Minion Horde,68.0,The Log,98.0,Skeletons,94.0,,,,1,,,
07485,X,106.0,Knight,58.0,The Log,98.0,Skeletons,94.0,,,,2,,,
07500,X,106.0,Knight,58.0,The Log,98.0,Skeletons,94.0,,,,2,,,
07515,X,106.0,Knight,58.0,The Log,98.0,Skeletons,94.0,,,,3,,,
07530,X,106.0,Knight,58.0,The Log,98.0,Skeletons,94.0,,,,3,,,
07545,X,106.0,Knight,58.0,The Log,98.0,Skeletons,94.0,,,,4,,,
07560,X,106.0,Knight,58.0,The Log,98.0,Skeletons,94.0,,,,4,,,
07575,X,106.0,Knight,58.0,The Log,98.0,Hog Rider,51.0,,,,4,,,
07590,X,106.0,Knight,58.0,The Log,98.0,Tesla,97.0,,,,5,,,
07605,X,106.0,Knight,58.0,The Log,98.0,Tesla,97.0,,,,5,,,
07620,X,106.0,Knight,58.0,The Log,98.0,Tesla,97.0,,,,6,,,
07635,X,106.0,Knight,58.0,The Log,98.0,Tesla,97.0,,,,6,,,
07650,X,106.0,Knight,58.0,The Log,98.0,Tesla,97.0,,,,7,,,
07665,X,106.0,Knight,58.0,The Log,98.0,Tesla,97.0,,,,7,,,
07680,X,106.0,Knight,58.0,The Log,98.0,Tesla,97.0,,,,8,,,
07695,X,106.0,Knight,58.0,The Log,98.0,Tesla,97.0,,,,8,,,
07710,X,106.0,Knight,58.0,The Log,98.0,Tesla,97.0,,,,9,,,
07725,X,106.0,Knight,58.0,The Log,98.0,Tesla,97.0,,,,9,,,
07740,Rocket,84.0,Knight,58.0,The Log,98.0,Tesla,97.0,,,,4,,,
07755,Rocket,84.0,Knight,58.0,The Log,98.0,Tesla,97.0,,,,4,,,
07770,Rocket,84.0,Knight,58.0,The Log,98.0,Tesla,97.0,,,,5,,,
07785,Rocket,84.0,Knight,58.0,The Log,98.0,Tesla,97.0,,,,5,,,
07800,Rocket,84.0,Knight,58.0,The Log,98.0,Tesla,97.0,,,,6,,,
07815,Rocket,84.0,Knight,58.0,The Log,98.0,Tesla,97.0,,,,7,,,
07830,Rocket,84.0,Knight,58.0,The Log,98.0,Tesla,97.0,,,,7,,,
07845,Rocket,84.0,Knight,58.0,The Log,98.0,Tesla,97.0,,,,8,,,
07860,Rocket,84.0,Knight,58.0,The Log,98.0,Tesla,97.0,,,,8,,,
07875,Rocket,84.0,Knight,58.0,The Log,98.0,Tesla,97.0,,,,9,,,
07890,Rocket,84.0,Knight,58.0,The Log,98.0,Tesla,97.0,,,,9,,,
07905,Rocket,84.0,Knight,58.0,The Log,98.0,Tesla,97.0,,,,10,,,
07920,Rocket,84.0,Knight,58.0,The Log,98.0,Tesla,97.0,,,,10,,,
07935,Rocket,84.0,Knight,58.0,The Log,98.0,Tornado,101.0,,,,6,,,
07950,Rocket,84.0,Knight,58.0,The Log,98.0,Tornado,101.0,,,,6,,,
07965,Rocket,84.0,Knight,58.0,The Log,98.0,Tornado,101.0,,,,7,,,
07980,X,106.0,Ice Wizard,55.0,The Log,98.0,Tornado,101.0,,,,4,,,
07995,X,106.0,Ice Wizard,55.0,The Log,98.0,Tornado,101.0,,,,5,,,
08010,X,106.0,Ice Wizard,55.0,The Log,98.0,Tornado,101.0,,,,5,,,
08025,X,106.0,Ice Wizard,55.0,The Log,98.0,Tornado,101.0,,,,6,,,
08040,X,106.0,Skeletons,94.0,The Log,98.0,Tornado,101.0,,,,3,,,
08055,X,106.0,Skeletons,94.0,The Log,98.0,Tornado,101.0,,,,4,,,
08070,X,106.0,Skeletons,94.0,The Log,98.0,Tornado,101.0,,,,5,,,
08085,X,106.0,Skeletons,94.0,The Log,98.0,Tornado,101.0,,,,5,,,
08100,X,106.0,Skeletons,94.0,The Log,98.0,Tornado,101.0,,,,6,,,
08115,X,106.0,Skeletons,94.0,The Log,98.0,Tornado,101.0,,,,6,,,
08130,X,106.0,Skeletons,94.0,The Log,98.0,Tornado,101.0,,,,7,,,
08145,X,106.0,Skeletons,94.0,The Log,98.0,Tornado,101.0,,,,1,,,
08160,X,106.0,Skeletons,94.0,The Log,98.0,Tornado,101.0,,,,2,,,
08175,X,106.0,Skeletons,94.0,The Log,98.0,Tornado,101.0,,,,2,,,
08190,X,106.0,Skeletons,94.0,The Log,98.0,Tornado,101.0,,,,3,,,
08205,X,106.0,Skeletons,94.0,The Log,98.0,Tornado,101.0,,,,3,,,
08220,X,106.0,Skeletons,94.0,The Log,98.0,Tornado,101.0,,,,4,,,
08235,X,106.0,Skeletons,94.0,The Log,98.0,Tornado,101.0,,,,4,,,
08250,X,106.0,Tesla,97.0,The Log,98.0,Tornado,101.0,,,,4,,,
08265,X,106.0,Tesla,97.0,The Log,98.0,Tornado,101.0,,,,4,,,
08280,X,106.0,Tesla,97.0,The Log,98.0,Tornado,101.0,,,,5,,,
08295,X,106.0,Tesla,97.0,The Log,98.0,Tornado,101.0,,,,6,,,
08310,X,106.0,Tesla,97.0,The Log,98.0,Tornado,101.0,,,,6,,,
08325,X,106.0,Tesla,97.0,The Log,98.0,Tornado,101.0,,,,7,,,
08340,X,106.0,Tesla,97.0,The Log,98.0,Tornado,101.0,,,,7,,,
08355,X,106.0,Tesla,97.0,The Log,98.0,Tornado,101.0,,,,8,,,
08370,X,106.0,Tesla,97.0,The Log,98.0,Tornado,101.0,,,,8,,,
08385,X,106.0,Tesla,97.0,The Log,98.0,Tornado,101.0,,,,9,,,
08400,X,106.0,Tesla,97.0,The Log,98.0,Tornado,101.0,,,,9,,,
08415,X,106.0,Tesla,97.0,The Log,98.0,Tornado,101.0,,,,10,,,
08430,X,106.0,Knight,58.0,The Log,98.0,Tornado,101.0,,,,6,,,
08445,X,106.0,Knight,58.0,The Log,98.0,Tornado,101.0,,,,7,,,
08460,X,106.0,Knight,58.0,The Log,98.0,Tornado,101.0,,,,7,,,
08475,X,106.0,Ice Wizard,55.0,The Log,98.0,Tornado,101.0,,,,5,,,
08490,X,106.0,Ice Wizard,55.0,The Log,98.0,Tornado,101.0,,,,5,,,
08505,X,106.0,Ice Wizard,55.0,The Log,98.0,Tornado,101.0,,,,6,,,
08520,X,106.0,Rocket,84.0,The Log,98.0,Tornado,101.0,,,,3,,,
08535,X,106.0,Rocket,84.0,The Log,98.0,Tornado,101.0,,,,4,,,
08550,X,106.0,Rocket,84.0,The Log,98.0,Tornado,101.0,,,,4,,,
08565,X,106.0,Rocket,84.0,The Log,98.0,Tornado,101.0,,,,5,,,
08580,X,106.0,Rocket,84.0,The Log,98.0,Tornado,101.0,,,,5,,,
08595,X,106.0,Rocket,84.0,The Log,98.0,Tornado,101.0,,,,6,,,
08610,X,106.0,Rocket,84.0,Skeletons,94.0,Tornado,101.0,,,,5,,,
08625,X,106.0,Rocket,84.0,Skeletons,94.0,Tornado,101.0,,,,5,,,
08640,X,106.0,Rocket,84.0,Skeletons,94.0,Tornado,101.0,,,,6,,,
08655,X,106.0,Rocket,84.0,Skeletons,94.0,Tornado,101.0,,,,6,,,
08670,X,106.0,Rocket,84.0,Skeletons,94.0,Tornado,101.0,,,,7,,,
08685,X,106.0,Tesla,97.0,Skeletons,94.0,Tornado,101.0,,,,1,,,
08700,X,106.0,Tesla,97.0,Skeletons,94.0,Tornado,101.0,,,,2,,,
08715,X,106.0,Tesla,97.0,Skeletons,94.0,Tornado,101.0,,,,2,,,
08730,X,106.0,Tesla,97.0,Skeletons,94.0,Tornado,101.0,,,,3,,,
08745,X,106.0,Tesla,97.0,Skeletons,94.0,Tornado,101.0,,,,3,,,
08760,X,106.0,Tesla,97.0,Skeletons,94.0,Tornado,101.0,,,,4,,,
