frame,card1Name,card1Label,card2Name,card2Label,card3Name,card3Label,card4Name,card4Label,cardPlayedName,cardPlayedLabel,slotPlayed,elixir,predicted_cardPlayed,y_cardPlayed,y_elixirConsumed,predicted_elixirConsumed
00240,Knight,58.0,Skeletons,94.0,Inferno Tower,57.0,Skeleton Barrel,91.0,,,,6,False,False,0.0,0.0
00255,Knight,58.0,Skeletons,94.0,Inferno Tower,57.0,Skeleton Barrel,91.0,,,,6,False,False,0.0,0.0
00270,Knight,58.0,Skeletons,94.0,Inferno Tower,57.0,Skeleton Barrel,91.0,,,,6,False,False,0.0,0.0
00285,Knight,58.0,Skeletons,94.0,Inferno Tower,57.0,Skeleton Barrel,91.0,,,,7,False,False,0.0,0.0
00300,Knight,58.0,Skeletons,94.0,Inferno Tower,57.0,Skeleton Barrel,91.0,,,,7,False,False,0.0,0.0
00315,Knight,58.0,Skeletons,94.0,Inferno Tower,57.0,Skeleton Barrel,91.0,,,,7,False,False,0.0,0.0
00330,Knight,58.0,Skeletons,94.0,Inferno Tower,57.0,Skeleton Barrel,91.0,,,,7,False,False,0.0,0.0
00345,Knight,58.0,Skeletons,94.0,Inferno Tower,57.0,Skeleton Barrel,91.0,,,,7,False,False,0.0,0.0
00360,Knight,58.0,Skeletons,94.0,Inferno Tower,57.0,Skeleton Barrel,91.0,,,,7,False,False,0.0,0.0
00375,Knight,58.0,Skeletons,94.0,Inferno Tower,57.0,Skeleton Barrel,91.0,,,,8,False,False,0.0,0.0
00390,Knight,58.0,Skeletons,94.0,Inferno Tower,57.0,Skeleton Barrel,91.0,,,,8,False,False,0.0,0.0
00405,Knight,58.0,Skeletons,94.0,Inferno Tower,57.0,Skeleton Barrel,91.0,,,,8,False,False,0.0,0.0
00420,Knight,58.0,Skeletons,94.0,Inferno Tower,57.0,Skeleton Barrel,91.0,,,,8,False,False,0.0,0.0
00435,Knight,58.0,Skeletons,94.0,Inferno Tower,57.0,Skeleton Barrel,91.0,,,,8,False,False,0.0,0.0
00450,Knight,58.0,Skeletons,94.0,Inferno Tower,57.0,Skeleton Barrel,91.0,,,,8,False,False,0.0,0.0
00465,Knight,58.0,Skeletons,94.0,Inferno Tower,57.0,Skeleton Barrel,91.0,,,,9,False,False,0.0,0.0
00480,Knight,58.0,Skeletons,94.0,Inferno Tower,57.0,Skeleton Barrel,91.0,,,,9,False,False,0.0,0.0
00495,Knight,58.0,Skeletons,94.0,Inferno Tower,57.0,Skeleton Barrel,91.0,,,,9,False,False,0.0,0.0
00510,Knight,58.0,Skeletons,94.0,Inferno Tower,57.0,Skeleton Barrel,91.0,,,,9,False,False,0.0,0.0
00525,Knight,58.0,Skeletons,94.0,Inferno Tower,57.0,Skeleton Barrel,91.0,,,,9,False,False,0.0,0.0
00540,Knight,58.0,Skeletons,94.0,Inferno Tower,57.0,Skeleton Barrel,91.0,,,,10,False,False,0.0,0.0
00555,Knight,58.0,Skeletons,94.0,Inferno Tower,57.0,Skeleton Barrel,91.0,,,,10,False,False,0.0,0.0
00570,Knight,58.0,Skeletons,94.0,Inferno Tower,57.0,Goblin Barrel,39.0,Skeleton Barrel,91.0,4.0,7,True,True,3.0,3.0
00585,Knight,58.0,Skeletons,94.0,Inferno Tower,57.0,Goblin Barrel,39.0,,,,7,False,False,0.0,0.0
00600,Knight,58.0,Skeletons,94.0,Inferno Tower,57.0,Goblin Barrel,39.0,,,,7,False,False,0.0,0.0
00615,Knight,58.0,Skeletons,94.0,Inferno Tower,57.0,Goblin Barrel,39.0,,,,7,False,False,0.0,0.0
00630,Knight,58.0,Skeletons,94.0,Inferno Tower,57.0,Goblin Barrel,39.0,,,,7,False,False,0.0,0.0
00645,Knight,58.0,Skeletons,94.0,Inferno Tower,57.0,Goblin Barrel,39.0,,,,8,False,False,0.0,0.0
00660,Knight,58.0,Skeletons,94.0,Inferno Tower,57.0,Goblin Barrel,39.0,,,,8,False,False,0.0,0.0
00675,Knight,58.0,Skeletons,94.0,Inferno Tower,57.0,Goblin Barrel,39.0,,,,8,False,False,0.0,0.0
00690,Knight,58.0,Skeletons,94.0,Inferno Tower,57.0,Goblin Barrel,39.0,,,,8,False,False,0.0,0.0
00705,Knight,58.0,Skeletons,94.0,Inferno Tower,57.0,Goblin Barrel,39.0,,,,8,False,False,0.0,0.0
00720,Knight,58.0,Skeletons,94.0,Inferno Tower,57.0,Goblin Barrel,39.0,,,,8,False,False,0.0,0.0
00735,Knight,58.0,Skeletons,94.0,Inferno Tower,57.0,Goblin Barrel,39.0,,,,9,False,False,0.0,0.0
00750,Knight,58.0,Skeletons,94.0,Inferno Tower,57.0,Goblin Barrel,39.0,,,,9,False,False,0.0,0.0
00765,Knight,58.0,Skeletons,94.0,Inferno Tower,57.0,Goblin Barrel,39.0,,,,9,False,False,0.0,0.0
00780,Knight,58.0,Skeletons,94.0,Inferno Tower,57.0,Goblin Barrel,39.0,,,,9,False,False,0.0,0.0
00795,Knight,58.0,Skeletons,94.0,Inferno Tower,57.0,Goblin Barrel,39.0,,,,9,False,False,0.0,0.0
00810,Knight,58.0,Skeletons,94.0,Inferno Tower,57.0,Goblin Barrel,39.0,,,,9,False,False,0.0,0.0
00825,Knight,58.0,Skeletons,94.0,Inferno Tower,57.0,Goblin Barrel,39.0,,,,10,False,False,0.0,0.0
00840,Knight,58.0,Skeletons,94.0,Inferno Tower,57.0,Goblin Barrel,39.0,,,,10,False,False,0.0,0.0
00855,Knight,58.0,Skeletons,94.0,Inferno Tower,57.0,Goblin Barrel,39.0,,,,10,False,False,0.0,0.0
00870,Knight,58.0,Skeletons,94.0,Inferno Tower,57.0,Goblin Barrel,39.0,,,,10,False,False,0.0,0.0
00885,Knight,58.0,Skeletons,94.0,Fireball,30.0,Goblin Barrel,39.0,Inferno Tower,57.0,3.0,5,True,True,5.0,5.0
00900,The Log,98.0,Skeletons,94.0,Fireball,30.0,Goblin Barrel,39.0,Knight,58.0,1.0,2,True,True,3.0,3.0
00915,The Log,98.0,Skeletons,94.0,Fireball,30.0,Goblin Barrel,39.0,,,,2,False,False,0.0,0.0
00930,The Log,98.0,Skeletons,94.0,Fireball,30.0,Goblin Barrel,39.0,,,,2,False,False,0.0,0.0
00945,The Log,98.0,Skeletons,94.0,Fireball,30.0,Goblin Barrel,39.0,,,,2,False,False,0.0,0.0
00960,The Log,98.0,Skeletons,94.0,Fireball,30.0,Goblin Barrel,39.0,,,,2,False,False,0.0,0.0
00975,The Log,98.0,Skeletons,94.0,Fireball,30.0,Goblin Barrel,39.0,,,,3,False,False,0.0,0.0
00990,The Log,98.0,Skeletons,94.0,Fireball,30.0,Goblin Barrel,39.0,,,,3,False,False,0.0,0.0
01005,The Log,98.0,Skeletons,94.0,Fireball,30.0,Goblin Barrel,39.0,,,,3,False,False,0.0,0.0
01020,The Log,98.0,Skeletons,94.0,Fireball,30.0,Goblin Barrel,39.0,,,,3,False,False,0.0,0.0
01035,The Log,98.0,Skeletons,94.0,Fireball,30.0,Goblin Barrel,39.0,,,,3,False,False,0.0,0.0
01050,The Log,98.0,Skeletons,94.0,Fireball,30.0,Goblin Barrel,39.0,,,,4,False,False,0.0,0.0
01065,The Log,98.0,Skeletons,94.0,Fireball,30.0,Goblin Barrel,39.0,,,,4,False,False,0.0,0.0
01080,The Log,98.0,Skeletons,94.0,Fireball,30.0,Goblin Barrel,39.0,,,,4,False,False,0.0,0.0
01095,The Log,98.0,Skeletons,94.0,Fireball,30.0,Goblin Barrel,39.0,,,,4,False,False,0.0,0.0
01110,The Log,98.0,Skeletons,94.0,Fireball,30.0,Goblin Barrel,39.0,,,,4,False,False,0.0,0.0
01125,The Log,98.0,Skeletons,94.0,Fireball,30.0,Goblin Barrel,39.0,,,,4,False,False,0.0,0.0
01140,The Log,98.0,Skeletons,94.0,Fireball,30.0,Goblin Barrel,39.0,,,,5,False,False,0.0,0.0
01155,The Log,98.0,Skeletons,94.0,Fireball,30.0,Goblin Barrel,39.0,,,,5,False,False,0.0,0.0
01170,The Log,98.0,Skeletons,94.0,Fireball,30.0,Goblin Barrel,39.0,,,,5,False,False,0.0,0.0
01185,The Log,98.0,Skeletons,94.0,Fireball,30.0,Goblin Barrel,39.0,,,,5,False,False,0.0,0.0
01200,The Log,98.0,Skeletons,94.0,Fireball,30.0,Goblin Barrel,39.0,,,,5,False,False,0.0,0.0
01215,The Log,98.0,Skeletons,94.0,Fireball,30.0,Goblin Barrel,39.0,,,,5,False,False,0.0,0.0
01230,The Log,98.0,Skeletons,94.0,Fireball,30.0,Goblin Barrel,39.0,,,,6,False,False,0.0,0.0
01245,The Log,98.0,Skeletons,94.0,Fireball,30.0,Goblin Barrel,39.0,,,,6,False,False,0.0,0.0
01260,The Log,98.0,Skeletons,94.0,Fireball,30.0,Goblin Barrel,39.0,,,,6,False,False,0.0,0.0
01275,The Log,98.0,Skeletons,94.0,Fireball,30.0,Dart Goblin,19.0,Goblin Barrel,39.0,4.0,3,True,True,3.0,4.0
01290,The Log,98.0,Skeletons,94.0,Fireball,30.0,Dart Goblin,19.0,,,,3,False,False,0.0,0.0
01305,The Log,98.0,Skeletons,94.0,Fireball,30.0,Dart Goblin,19.0,,,,4,False,False,0.0,0.0
01320,The Log,98.0,Skeletons,94.0,Fireball,30.0,Dart Goblin,19.0,,,,4,False,False,0.0,0.0
01335,The Log,98.0,Skeletons,94.0,Fireball,30.0,Dart Goblin,19.0,,,,4,False,False,0.0,0.0
01350,The Log,98.0,Skeletons,94.0,Fireball,30.0,Dart Goblin,19.0,,,,4,False,False,0.0,0.0
01365,The Log,98.0,Skeletons,94.0,Fireball,30.0,Dart Goblin,19.0,,,,4,False,False,0.0,0.0
01380,The Log,98.0,Skeletons,94.0,Fireball,30.0,Dart Goblin,19.0,,,,4,False,False,0.0,0.0
01395,The Log,98.0,Skeletons,94.0,Fireball,30.0,Dart Goblin,19.0,,,,5,False,False,0.0,0.0
01410,The Log,98.0,Skeletons,94.0,Fireball,30.0,Dart Goblin,19.0,,,,5,False,False,0.0,0.0
01425,The Log,98.0,Skeletons,94.0,Fireball,30.0,Dart Goblin,19.0,,,,5,False,False,0.0,0.0
01440,The Log,98.0,Skeletons,94.0,Fireball,30.0,Dart Goblin,19.0,,,,5,False,False,0.0,0.0
01455,The Log,98.0,Skeletons,94.0,Fireball,30.0,Dart Goblin,19.0,,,,5,False,False,0.0,0.0
01470,The Log,98.0,Skeletons,94.0,Fireball,30.0,Dart Goblin,19.0,,,,6,False,False,0.0,0.0
01485,The Log,98.0,Skeletons,94.0,Fireball,30.0,Dart Goblin,19.0,,,,6,False,False,0.0,0.0
01500,The Log,98.0,Skeletons,94.0,Fireball,30.0,Dart Goblin,19.0,,,,6,False,False,0.0,0.0
01515,The Log,98.0,Skeletons,94.0,Fireball,30.0,Dart Goblin,19.0,,,,6,False,False,0.0,0.0
01530,The Log,98.0,Skeletons,94.0,Fireball,30.0,Dart Goblin,19.0,,,,6,False,False,0.0,0.0
01545,The Log,98.0,Skeletons,94.0,Fireball,30.0,Dart Goblin,19.0,,,,6,False,False,0.0,0.0
01560,The Log,98.0,Skeletons,94.0,Fireball,30.0,Dart Goblin,19.0,,,,7,False,False,0.0,0.0
01575,The Log,98.0,Skeletons,94.0,Fireball,30.0,Dart Goblin,19.0,,,,7,False,False,0.0,0.0
01590,The Log,98.0,Skeletons,94.0,Fireball,30.0,Dart Goblin,19.0,,,,7,False,False,0.0,0.0
01605,The Log,98.0,Skeletons,94.0,Fireball,30.0,Dart Goblin,19.0,,,,7,False,False,0.0,0.0
01620,The Log,98.0,Skeletons,94.0,Fireball,30.0,Dart Goblin,19.0,,,,7,False,False,0.0,0.0
01635,The Log,98.0,Skeletons,94.0,Fireball,30.0,Dart Goblin,19.0,,,,7,False,False,0.0,0.0
01650,The Log,98.0,Skeletons,94.0,Fireball,30.0,Dart Goblin,19.0,,,,8,False,False,0.0,0.0
01665,The Log,98.0,Skeletons,94.0,Fireball,30.0,Dart Goblin,19.0,,,,8,False,False,0.0,0.0
01680,The Log,98.0,Skeletons,94.0,Fireball,30.0,Dart Goblin,19.0,,,,8,False,False,0.0,0.0
01695,The Log,98.0,Skeletons,94.0,Fireball,30.0,Dart Goblin,19.0,,,,8,False,False,0.0,0.0
01710,The Log,98.0,Skeletons,94.0,Fireball,30.0,Dart Goblin,19.0,,,,8,False,False,0.0,0.0
01725,The Log,98.0,Skeletons,94.0,Fireball,30.0,Dart Goblin,19.0,,,,9,False,False,0.0,0.0
01740,The Log,98.0,Skeletons,94.0,Fireball,30.0,Dart Goblin,19.0,,,,9,False,False,0.0,0.0
01755,The Log,98.0,Skeletons,94.0,Fireball,30.0,Dart Goblin,19.0,,,,9,False,False,0.0,0.0
01770,The Log,98.0,Skeletons,94.0,Fireball,30.0,Skeleton Barrel,91.0,Dart Goblin,19.0,4.0,6,True,True,3.0,3.0
01785,The Log,98.0,Skeletons,94.0,Fireball,30.0,Skeleton Barrel,91.0,,,,6,False,False,0.0,0.0
01800,The Log,98.0,Skeletons,94.0,Fireball,30.0,Skeleton Barrel,91.0,,,,6,False,False,0.0,0.0
01815,The Log,98.0,Skeletons,94.0,Fireball,30.0,Skeleton Barrel,91.0,,,,7,False,False,0.0,0.0
01830,The Log,98.0,Skeletons,94.0,Fireball,30.0,Skeleton Barrel,91.0,,,,7,False,False,0.0,0.0
01845,The Log,98.0,Skeletons,94.0,Fireball,30.0,Skeleton Barrel,91.0,,,,7,False,False,0.0,0.0
01860,The Log,98.0,Skeletons,94.0,Fireball,30.0,Skeleton Barrel,91.0,,,,7,False,False,0.0,0.0
01875,The Log,98.0,Inferno Tower,57.0,Fireball,30.0,Skeleton Barrel,91.0,Skeletons,94.0,2.0,6,True,True,1.0,1.0
01890,The Log,98.0,Inferno Tower,57.0,Fireball,30.0,Skeleton Barrel,91.0,,,,7,False,False,0.0,0.0
01905,The Log,98.0,Inferno Tower,57.0,Fireball,30.0,Skeleton Barrel,91.0,,,,7,False,False,0.0,0.0
01920,The Log,98.0,Inferno Tower,57.0,Fireball,30.0,Skeleton Barrel,91.0,,,,7,False,False,0.0,0.0
01935,The Log,98.0,Inferno Tower,57.0,Fireball,30.0,Skeleton Barrel,91.0,,,,7,False,False,0.0,0.0
01950,Knight,58.0,Inferno Tower,57.0,Fireball,30.0,Skeleton Barrel,91.0,The Log,98.0,1.0,5,True,True,2.0,2.0
01965,Knight,58.0,Inferno Tower,57.0,Fireball,30.0,Skeleton Barrel,91.0,,,,5,False,False,0.0,0.0
01980,Knight,58.0,Inferno Tower,57.0,Fireball,30.0,Skeleton Barrel,91.0,,,,6,False,False,0.0,0.0
01995,Knight,58.0,Inferno Tower,57.0,Fireball,30.0,Skeleton Barrel,91.0,,,,6,False,False,0.0,0.0
02010,Knight,58.0,Goblin Barrel,39.0,Fireball,30.0,Skeleton Barrel,91.0,Inferno Tower,57.0,2.0,4,True,True,2.0,5.0
02025,Knight,58.0,Goblin Barrel,39.0,Fireball,30.0,Skeleton Barrel,91.0,,,,1,False,True,3.0,0.0
02040,Knight,58.0,Goblin Barrel,39.0,Fireball,30.0,Skeleton Barrel,91.0,,,,1,False,False,0.0,0.0
02055,Knight,58.0,Goblin Barrel,39.0,Fireball,30.0,Skeleton Barrel,91.0,,,,1,False,False,0.0,0.0
02070,Knight,58.0,Goblin Barrel,39.0,Fireball,30.0,Skeleton Barrel,91.0,,,,2,False,False,0.0,0.0
02085,Knight,58.0,Goblin Barrel,39.0,Fireball,30.0,Skeleton Barrel,91.0,,,,2,False,False,0.0,0.0
02100,Knight,58.0,Goblin Barrel,39.0,Fireball,30.0,Skeleton Barrel,91.0,,,,2,False,False,0.0,0.0
02115,Knight,58.0,Goblin Barrel,39.0,Fireball,30.0,Skeleton Barrel,91.0,,,,2,False,False,0.0,0.0
02130,Knight,58.0,Goblin Barrel,39.0,Fireball,30.0,Skeleton Barrel,91.0,,,,2,False,False,0.0,0.0
02145,Knight,58.0,Goblin Barrel,39.0,Fireball,30.0,Skeleton Barrel,91.0,,,,3,False,False,0.0,0.0
02160,Knight,58.0,Goblin Barrel,39.0,Fireball,30.0,Skeleton Barrel,91.0,,,,3,False,False,0.0,0.0
02175,Knight,58.0,Goblin Barrel,39.0,Fireball,30.0,Skeleton Barrel,91.0,,,,3,False,False,0.0,0.0
02190,Knight,58.0,Goblin Barrel,39.0,Fireball,30.0,Skeleton Barrel,91.0,,,,3,False,False,0.0,0.0
02205,Knight,58.0,Goblin Barrel,39.0,Fireball,30.0,Skeleton Barrel,91.0,,,,3,False,False,0.0,0.0
02220,Knight,58.0,Goblin Barrel,39.0,Fireball,30.0,Skeleton Barrel,91.0,,,,3,False,False,0.0,0.0
02235,Knight,58.0,Goblin Barrel,39.0,Fireball,30.0,Skeleton Barrel,91.0,,,,4,False,False,0.0,0.0
02250,Knight,58.0,Goblin Barrel,39.0,Fireball,30.0,Skeleton Barrel,91.0,,,,4,False,False,0.0,0.0
02265,Knight,58.0,Goblin Barrel,39.0,Fireball,30.0,Skeleton Barrel,91.0,,,,4,False,False,0.0,0.0
02280,Knight,58.0,Goblin Barrel,39.0,Fireball,30.0,Skeleton Barrel,91.0,,,,4,False,False,0.0,0.0
02295,Knight,58.0,Goblin Barrel,39.0,Fireball,30.0,Skeleton Barrel,91.0,,,,4,False,False,0.0,0.0
02310,Knight,58.0,Goblin Barrel,39.0,Fireball,30.0,Skeleton Barrel,91.0,,,,5,False,False,0.0,0.0
02325,Knight,58.0,Goblin Barrel,39.0,Fireball,30.0,Skeleton Barrel,91.0,,,,5,False,False,0.0,0.0
02340,Knight,58.0,Goblin Barrel,39.0,Fireball,30.0,Skeleton Barrel,91.0,,,,5,False,False,0.0,0.0
02355,Knight,58.0,Goblin Barrel,39.0,Fireball,30.0,Skeleton Barrel,91.0,,,,5,False,False,0.0,0.0
02370,Knight,58.0,Goblin Barrel,39.0,Fireball,30.0,Skeleton Barrel,91.0,,,,5,False,False,0.0,0.0
02385,Knight,58.0,Goblin Barrel,39.0,Fireball,30.0,Skeleton Barrel,91.0,,,,5,False,False,0.0,0.0
02400,Knight,58.0,Goblin Barrel,39.0,Fireball,30.0,Skeleton Barrel,91.0,,,,6,False,False,0.0,0.0
02415,Knight,58.0,Goblin Barrel,39.0,Fireball,30.0,Skeleton Barrel,91.0,,,,6,False,False,0.0,0.0
02430,Knight,58.0,Goblin Barrel,39.0,Fireball,30.0,Skeleton Barrel,91.0,,,,6,False,False,0.0,0.0
02445,Knight,58.0,Goblin Barrel,39.0,Fireball,30.0,Skeleton Barrel,91.0,,,,6,False,False,0.0,0.0
02460,Knight,58.0,Goblin Barrel,39.0,Fireball,30.0,Skeleton Barrel,91.0,,,,6,False,False,0.0,0.0
02475,Knight,58.0,Goblin Barrel,39.0,Fireball,30.0,Dart Goblin,19.0,Skeleton Barrel,91.0,4.0,3,True,True,3.0,3.0
02490,Knight,58.0,Goblin Barrel,39.0,Fireball,30.0,Dart Goblin,19.0,,,,4,False,False,0.0,0.0
02505,Knight,58.0,Skeletons,94.0,Fireball,30.0,Dart Goblin,19.0,Goblin Barrel,39.0,2.0,1,True,True,3.0,4.0
02520,Knight,58.0,Skeletons,94.0,Fireball,30.0,Dart Goblin,19.0,,,,1,False,False,0.0,0.0
02535,Knight,58.0,Skeletons,94.0,Fireball,30.0,Dart Goblin,19.0,,,,1,False,False,0.0,0.0
02550,Knight,58.0,Skeletons,94.0,Fireball,30.0,Dart Goblin,19.0,,,,1,False,False,0.0,0.0
02565,Knight,58.0,Skeletons,94.0,Fireball,30.0,Dart Goblin,19.0,,,,2,False,False,0.0,0.0
02580,Knight,58.0,Skeletons,94.0,Fireball,30.0,Dart Goblin,19.0,,,,2,False,False,0.0,0.0
02595,Knight,58.0,Skeletons,94.0,Fireball,30.0,Dart Goblin,19.0,,,,2,False,False,0.0,0.0
02610,Knight,58.0,Skeletons,94.0,Fireball,30.0,Dart Goblin,19.0,,,,2,False,False,0.0,0.0
02625,Knight,58.0,Skeletons,94.0,Fireball,30.0,Dart Goblin,19.0,,,,2,False,False,0.0,0.0
02640,Knight,58.0,Skeletons,94.0,Fireball,30.0,Dart Goblin,19.0,,,,2,False,False,0.0,0.0
02655,Knight,58.0,Skeletons,94.0,Fireball,30.0,Dart Goblin,19.0,,,,3,False,False,0.0,0.0
02670,Knight,58.0,Skeletons,94.0,Fireball,30.0,Dart Goblin,19.0,,,,3,False,False,0.0,0.0
02685,Knight,58.0,Skeletons,94.0,Fireball,30.0,Dart Goblin,19.0,,,,3,False,False,0.0,0.0
02700,Knight,58.0,Skeletons,94.0,Fireball,30.0,Dart Goblin,19.0,,,,3,False,False,0.0,0.0
02715,Knight,58.0,Skeletons,94.0,Fireball,30.0,Dart Goblin,19.0,,,,3,False,False,0.0,0.0
02730,Knight,58.0,Skeletons,94.0,Fireball,30.0,Dart Goblin,19.0,,,,4,False,False,0.0,0.0
02745,Knight,58.0,Skeletons,94.0,Fireball,30.0,Dart Goblin,19.0,,,,4,False,False,0.0,0.0
02760,Knight,58.0,Skeletons,94.0,Fireball,30.0,Dart Goblin,19.0,,,,4,False,False,0.0,0.0
02775,Knight,58.0,Skeletons,94.0,Fireball,30.0,Dart Goblin,19.0,,,,4,False,False,0.0,0.0
02790,Knight,58.0,Skeletons,94.0,Fireball,30.0,Dart Goblin,19.0,,,,4,False,False,0.0,0.0
02805,Knight,58.0,Skeletons,94.0,Fireball,30.0,Dart Goblin,19.0,,,,4,False,False,0.0,0.0
02820,Knight,58.0,Skeletons,94.0,Fireball,30.0,Dart Goblin,19.0,,,,5,False,False,0.0,0.0
02835,Knight,58.0,Skeletons,94.0,Fireball,30.0,Dart Goblin,19.0,,,,5,False,False,0.0,0.0
02850,Knight,58.0,Skeletons,94.0,Fireball,30.0,Dart Goblin,19.0,,,,5,False,False,0.0,0.0
02865,Knight,58.0,Skeletons,94.0,Fireball,30.0,Dart Goblin,19.0,,,,5,False,False,0.0,0.0
02880,Knight,58.0,Skeletons,94.0,Fireball,30.0,Dart Goblin,19.0,,,,5,False,False,0.0,0.0
02895,Knight,58.0,Skeletons,94.0,Fireball,30.0,Dart Goblin,19.0,,,,5,False,False,0.0,0.0
02910,Knight,58.0,Skeletons,94.0,Fireball,30.0,Dart Goblin,19.0,,,,6,False,False,0.0,0.0
02925,Knight,58.0,Skeletons,94.0,Fireball,30.0,Dart Goblin,19.0,,,,6,False,False,0.0,0.0
02940,Knight,58.0,Skeletons,94.0,Fireball,30.0,Dart Goblin,19.0,,,,6,False,False,0.0,0.0
02955,Knight,58.0,Skeletons,94.0,Fireball,30.0,Dart Goblin,19.0,,,,6,False,False,0.0,0.0
02970,Knight,58.0,Skeletons,94.0,Fireball,30.0,Dart Goblin,19.0,,,,6,False,False,0.0,0.0
02985,Knight,58.0,Skeletons,94.0,Fireball,30.0,Dart Goblin,19.0,,,,7,False,False,0.0,0.0
03000,Knight,58.0,Skeletons,94.0,Fireball,30.0,Dart Goblin,19.0,,,,7,False,False,0.0,0.0
03015,Knight,58.0,Skeletons,94.0,Fireball,30.0,Dart Goblin,19.0,,,,7,False,False,0.0,0.0
03030,Knight,58.0,Skeletons,94.0,Fireball,30.0,Dart Goblin,19.0,,,,7,False,False,0.0,0.0
03045,Knight,58.0,Skeletons,94.0,Fireball,30.0,Dart Goblin,19.0,,,,7,False,False,0.0,0.0
03060,Knight,58.0,Skeletons,94.0,Fireball,30.0,Dart Goblin,19.0,,,,7,False,False,0.0,0.0
03075,Knight,58.0,Skeletons,94.0,Fireball,30.0,Dart Goblin,19.0,,,,8,False,False,0.0,0.0
03090,Knight,58.0,Skeletons,94.0,Fireball,30.0,Dart Goblin,19.0,,,,8,False,False,0.0,0.0
03105,Knight,58.0,Skeletons,94.0,Fireball,30.0,Dart Goblin,19.0,,,,8,False,False,0.0,0.0
03120,Knight,58.0,Skeletons,94.0,Fireball,30.0,Dart Goblin,19.0,,,,8,False,False,0.0,0.0
03135,Knight,58.0,Skeletons,94.0,Fireball,30.0,Dart Goblin,19.0,,,,8,False,False,0.0,0.0
03150,Knight,58.0,Skeletons,94.0,Fireball,30.0,Dart Goblin,19.0,,,,9,False,False,0.0,0.0
03165,Knight,58.0,Skeletons,94.0,Fireball,30.0,Dart Goblin,19.0,,,,9,False,False,0.0,0.0
03180,Knight,58.0,Skeletons,94.0,Fireball,30.0,Dart Goblin,19.0,,,,9,False,False,0.0,0.0
03195,Knight,58.0,Skeletons,94.0,Fireball,30.0,Dart Goblin,19.0,,,,9,False,False,0.0,0.0
03210,Knight,58.0,Skeletons,94.0,Fireball,30.0,The Log,98.0,Dart Goblin,19.0,4.0,6,True,True,3.0,3.0
03225,Inferno Tower,57.0,Skeletons,94.0,Fireball,30.0,The Log,98.0,Knight,58.0,1.0,3,True,True,3.0,3.0
03240,Inferno Tower,57.0,Skeletons,94.0,Fireball,30.0,The Log,98.0,,,,4,False,False,0.0,0.0
03255,Inferno Tower,57.0,Skeletons,94.0,Fireball,30.0,The Log,98.0,,,,4,False,False,0.0,0.0
03270,Inferno Tower,57.0,Skeletons,94.0,Fireball,30.0,The Log,98.0,,,,4,False,False,0.0,0.0
03285,Inferno Tower,57.0,Skeleton Barrel,91.0,Fireball,30.0,The Log,98.0,Skeletons,94.0,2.0,3,True,True,1.0,1.0
03300,Inferno Tower,57.0,Skeleton Barrel,91.0,Fireball,30.0,The Log,98.0,,,,3,False,False,0.0,0.0
03315,Inferno Tower,57.0,Skeleton Barrel,91.0,Fireball,30.0,The Log,98.0,,,,3,False,False,0.0,0.0
03330,Inferno Tower,57.0,Skeleton Barrel,91.0,Fireball,30.0,The Log,98.0,,,,4,False,False,0.0,0.0
03345,Inferno Tower,57.0,Goblin Barrel,39.0,Fireball,30.0,The Log,98.0,Skeleton Barrel,91.0,2.0,1,True,True,3.0,3.0
03360,Inferno Tower,57.0,Goblin Barrel,39.0,Fireball,30.0,The Log,98.0,,,,1,False,False,0.0,0.0
03375,Inferno Tower,57.0,Goblin Barrel,39.0,Fireball,30.0,The Log,98.0,,,,1,False,False,0.0,0.0
03390,Inferno Tower,57.0,Goblin Barrel,39.0,Fireball,30.0,The Log,98.0,,,,1,False,False,0.0,0.0
03405,Inferno Tower,57.0,Goblin Barrel,39.0,Fireball,30.0,The Log,98.0,,,,2,False,False,0.0,0.0
03420,Inferno Tower,57.0,Goblin Barrel,39.0,Fireball,30.0,The Log,98.0,,,,2,False,False,0.0,0.0
03435,Inferno Tower,57.0,Goblin Barrel,39.0,Fireball,30.0,The Log,98.0,,,,2,False,False,0.0,0.0
03450,Inferno Tower,57.0,Goblin Barrel,39.0,Fireball,30.0,The Log,98.0,,,,2,False,False,0.0,0.0
03465,Inferno Tower,57.0,Goblin Barrel,39.0,Fireball,30.0,The Log,98.0,,,,2,False,False,0.0,0.0
03480,Inferno Tower,57.0,Goblin Barrel,39.0,Fireball,30.0,The Log,98.0,,,,2,False,False,0.0,0.0
03495,Inferno Tower,57.0,Goblin Barrel,39.0,Fireball,30.0,The Log,98.0,,,,3,False,False,0.0,0.0
03510,Inferno Tower,57.0,Goblin Barrel,39.0,Fireball,30.0,The Log,98.0,,,,3,False,False,0.0,0.0
03525,Inferno Tower,57.0,Goblin Barrel,39.0,Fireball,30.0,The Log,98.0,,,,3,False,False,0.0,0.0
03540,Inferno Tower,57.0,Goblin Barrel,39.0,Fireball,30.0,The Log,98.0,,,,3,False,False,0.0,0.0
03555,Inferno Tower,57.0,Goblin Barrel,39.0,Fireball,30.0,The Log,98.0,,,,3,False,False,0.0,0.0
03570,Inferno Tower,57.0,Goblin Barrel,39.0,Fireball,30.0,The Log,98.0,,,,3,False,False,0.0,0.0
03585,Inferno Tower,57.0,Goblin Barrel,39.0,Fireball,30.0,The Log,98.0,,,,4,False,False,0.0,0.0
03600,Inferno Tower,57.0,Goblin Barrel,39.0,Fireball,30.0,The Log,98.0,,,,4,False,False,0.0,0.0
03615,Inferno Tower,57.0,Goblin Barrel,39.0,Fireball,30.0,The Log,98.0,,,,4,False,False,0.0,0.0
03630,Inferno Tower,57.0,Goblin Barrel,39.0,Fireball,30.0,The Log,98.0,,,,4,False,False,0.0,0.0
03645,Inferno Tower,57.0,Goblin Barrel,39.0,Fireball,30.0,The Log,98.0,,,,4,False,False,0.0,0.0
03660,Inferno Tower,57.0,Goblin Barrel,39.0,Fireball,30.0,The Log,98.0,,,,5,False,False,0.0,0.0
03675,Inferno Tower,57.0,Goblin Barrel,39.0,Fireball,30.0,The Log,98.0,,,,5,False,False,0.0,0.0
03690,Inferno Tower,57.0,Goblin Barrel,39.0,Fireball,30.0,The Log,98.0,,,,5,False,False,0.0,0.0
03705,Inferno Tower,57.0,Goblin Barrel,39.0,Fireball,30.0,The Log,98.0,,,,5,False,False,0.0,0.0
03720,Inferno Tower,57.0,Goblin Barrel,39.0,Fireball,30.0,The Log,98.0,,,,5,False,False,0.0,0.0
03735,Inferno Tower,57.0,Dart Goblin,19.0,Fireball,30.0,The Log,98.0,Goblin Barrel,39.0,2.0,2,True,True,3.0,4.0
03750,Inferno Tower,57.0,Dart Goblin,19.0,Fireball,30.0,The Log,98.0,,,,3,False,False,0.0,0.0
03765,Inferno Tower,57.0,Dart Goblin,19.0,Fireball,30.0,The Log,98.0,,,,3,False,False,0.0,0.0
03780,Inferno Tower,57.0,Dart Goblin,19.0,Fireball,30.0,The Log,98.0,,,,3,False,False,0.0,0.0
03795,Inferno Tower,57.0,Knight,58.0,Fireball,30.0,The Log,98.0,Dart Goblin,19.0,2.0,0,True,True,3.0,3.0
03810,Inferno Tower,57.0,Knight,58.0,Fireball,30.0,The Log,98.0,,,,1,False,False,0.0,0.0
03825,Inferno Tower,57.0,Knight,58.0,Fireball,30.0,The Log,98.0,,,,2,False,False,0.0,0.0
03840,Inferno Tower,57.0,Knight,58.0,Fireball,30.0,The Log,98.0,,,,2,False,False,0.0,0.0
03855,Inferno Tower,57.0,Knight,58.0,Fireball,30.0,The Log,98.0,,,,2,False,False,0.0,0.0
03870,Inferno Tower,57.0,Knight,58.0,Fireball,30.0,The Log,98.0,,,,3,False,False,0.0,0.0
03885,Inferno Tower,57.0,Knight,58.0,Fireball,30.0,The Log,98.0,,,,3,False,False,0.0,0.0
03900,Inferno Tower,57.0,Knight,58.0,Fireball,30.0,The Log,98.0,,,,3,False,False,0.0,0.0
03915,Inferno Tower,57.0,Knight,58.0,Fireball,30.0,The Log,98.0,,,,4,False,False,0.0,0.0
03930,Inferno Tower,57.0,Skeletons,94.0,Fireball,30.0,The Log,98.0,Knight,58.0,2.0,1,True,True,3.0,3.0
03945,Inferno Tower,57.0,Skeletons,94.0,Fireball,30.0,The Log,98.0,,,,1,False,False,0.0,0.0
03960,Inferno Tower,57.0,Skeletons,94.0,Fireball,30.0,The Log,98.0,,,,2,False,False,0.0,0.0
03975,Inferno Tower,57.0,Skeleton Barrel,91.0,Fireball,30.0,The Log,98.0,Skeletons,94.0,2.0,2,True,True,1.0,1.0
03990,Inferno Tower,57.0,Skeleton Barrel,91.0,Fireball,30.0,The Log,98.0,,,,1,False,False,0.0,0.0
04005,Inferno Tower,57.0,Skeleton Barrel,91.0,Fireball,30.0,The Log,98.0,,,,2,False,False,0.0,0.0
04020,Inferno Tower,57.0,Skeleton Barrel,91.0,Fireball,30.0,The Log,98.0,,,,2,False,False,0.0,0.0
04035,Inferno Tower,57.0,Skeleton Barrel,91.0,Fireball,30.0,The Log,98.0,,,,3,False,False,0.0,0.0
04050,Inferno Tower,57.0,Skeleton Barrel,91.0,Fireball,30.0,The Log,98.0,,,,3,False,False,0.0,0.0
04065,Inferno Tower,57.0,Skeleton Barrel,91.0,Fireball,30.0,The Log,98.0,,,,3,False,False,0.0,0.0
04080,Inferno Tower,57.0,Skeleton Barrel,91.0,Fireball,30.0,The Log,98.0,,,,4,False,False,0.0,0.0
04095,Inferno Tower,57.0,Skeleton Barrel,91.0,Fireball,30.0,The Log,98.0,,,,4,False,False,0.0,0.0
04110,Inferno Tower,57.0,Skeleton Barrel,91.0,Fireball,30.0,The Log,98.0,,,,4,False,False,0.0,0.0
04125,Inferno Tower,57.0,Skeleton Barrel,91.0,Fireball,30.0,The Log,98.0,,,,5,False,False,0.0,0.0
04140,Inferno Tower,57.0,Skeleton Barrel,91.0,Fireball,30.0,The Log,98.0,,,,5,False,False,0.0,0.0
04155,Inferno Tower,57.0,Skeleton Barrel,91.0,Fireball,30.0,The Log,98.0,,,,5,False,False,0.0,0.0
04170,Inferno Tower,57.0,Skeleton Barrel,91.0,Fireball,30.0,The Log,98.0,,,,6,False,False,0.0,0.0
04185,Inferno Tower,57.0,Skeleton Barrel,91.0,Fireball,30.0,The Log,98.0,,,,6,False,False,0.0,0.0
04200,Inferno Tower,57.0,Goblin Barrel,39.0,Fireball,30.0,The Log,98.0,Skeleton Barrel,91.0,2.0,3,True,True,3.0,3.0
04215,Inferno Tower,57.0,Goblin Barrel,39.0,Fireball,30.0,The Log,98.0,,,,4,False,False,0.0,0.0
04230,Inferno Tower,57.0,Goblin Barrel,39.0,Fireball,30.0,The Log,98.0,,,,4,False,False,0.0,0.0
04245,Inferno Tower,57.0,Goblin Barrel,39.0,Fireball,30.0,The Log,98.0,,,,5,False,False,0.0,0.0
04260,Inferno Tower,57.0,Goblin Barrel,39.0,Fireball,30.0,The Log,98.0,,,,5,False,False,0.0,0.0
04275,Inferno Tower,57.0,Goblin Barrel,39.0,Fireball,30.0,The Log,98.0,,,,5,False,False,0.0,0.0
04290,Inferno Tower,57.0,Goblin Barrel,39.0,Fireball,30.0,The Log,98.0,,,,6,False,False,0.0,0.0
04305,Inferno Tower,57.0,Goblin Barrel,39.0,Fireball,30.0,The Log,98.0,,,,6,False,False,0.0,0.0
04320,Inferno Tower,57.0,Goblin Barrel,39.0,Fireball,30.0,The Log,98.0,,,,6,False,False,0.0,0.0
04335,Inferno Tower,57.0,Goblin Barrel,39.0,Fireball,30.0,The Log,98.0,,,,7,False,False,0.0,0.0
04350,Inferno Tower,57.0,Goblin Barrel,39.0,Fireball,30.0,The Log,98.0,,,,7,False,False,0.0,0.0
04365,Inferno Tower,57.0,Goblin Barrel,39.0,Fireball,30.0,The Log,98.0,,,,7,False,False,0.0,0.0
04380,Inferno Tower,57.0,Goblin Barrel,39.0,Fireball,30.0,The Log,98.0,,,,8,False,False,0.0,0.0
04395,Inferno Tower,57.0,Goblin Barrel,39.0,Fireball,30.0,The Log,98.0,,,,8,False,False,0.0,0.0
04410,Inferno Tower,57.0,Goblin Barrel,39.0,Fireball,30.0,The Log,98.0,,,,8,False,False,0.0,0.0
04425,Inferno Tower,57.0,Goblin Barrel,39.0,Dart Goblin,19.0,The Log,98.0,Fireball,30.0,3.0,5,True,True,3.0,4.0
04440,Inferno Tower,57.0,Goblin Barrel,39.0,Dart Goblin,19.0,The Log,98.0,,,,5,False,False,0.0,0.0
04455,Inferno Tower,57.0,Goblin Barrel,39.0,Dart Goblin,19.0,The Log,98.0,,,,6,False,False,0.0,0.0
04470,Inferno Tower,57.0,Goblin Barrel,39.0,Dart Goblin,19.0,The Log,98.0,,,,6,False,False,0.0,0.0
04485,Inferno Tower,57.0,Goblin Barrel,39.0,Dart Goblin,19.0,The Log,98.0,,,,6,False,False,0.0,0.0
04500,Inferno Tower,57.0,Goblin Barrel,39.0,Dart Goblin,19.0,The Log,98.0,,,,7,False,False,0.0,0.0
04515,Inferno Tower,57.0,Goblin Barrel,39.0,Dart Goblin,19.0,The Log,98.0,,,,7,False,False,0.0,0.0
04530,Inferno Tower,57.0,Goblin Barrel,39.0,Dart Goblin,19.0,The Log,98.0,,,,7,False,False,0.0,0.0
04545,Inferno Tower,57.0,Goblin Barrel,39.0,Dart Goblin,19.0,The Log,98.0,,,,8,False,False,0.0,0.0
04560,Inferno Tower,57.0,Goblin Barrel,39.0,Dart Goblin,19.0,The Log,98.0,,,,8,False,False,0.0,0.0
04575,Inferno Tower,57.0,Knight,58.0,Dart Goblin,19.0,The Log,98.0,Goblin Barrel,39.0,2.0,5,True,True,3.0,4.0
04590,Inferno Tower,57.0,Knight,58.0,Dart Goblin,19.0,The Log,98.0,,,,6,False,False,0.0,0.0
04605,Inferno Tower,57.0,Knight,58.0,Dart Goblin,19.0,The Log,98.0,,,,6,False,False,0.0,0.0
04620,Inferno Tower,57.0,Knight,58.0,Dart Goblin,19.0,The Log,98.0,,,,6,False,False,0.0,0.0
04635,Inferno Tower,57.0,Knight,58.0,Dart Goblin,19.0,The Log,98.0,,,,7,False,False,0.0,0.0
04650,Inferno Tower,57.0,Knight,58.0,Dart Goblin,19.0,The Log,98.0,,,,7,False,False,0.0,0.0
04665,Inferno Tower,57.0,Knight,58.0,Dart Goblin,19.0,The Log,98.0,,,,8,False,False,0.0,0.0
04680,Inferno Tower,57.0,Knight,58.0,Dart Goblin,19.0,The Log,98.0,,,,8,False,False,0.0,0.0
04695,Inferno Tower,57.0,Knight,58.0,Dart Goblin,19.0,The Log,98.0,,,,8,False,False,0.0,0.0
04710,Inferno Tower,57.0,Knight,58.0,Dart Goblin,19.0,The Log,98.0,,,,9,False,False,0.0,0.0
04725,Inferno Tower,57.0,Knight,58.0,Dart Goblin,19.0,The Log,98.0,,,,9,False,False,0.0,0.0
04740,Inferno Tower,57.0,Knight,58.0,Dart Goblin,19.0,The Log,98.0,,,,9,False,False,0.0,0.0
04755,Inferno Tower,57.0,Knight,58.0,Dart Goblin,19.0,The Log,98.0,,,,10,False,False,0.0,0.0
04770,Inferno Tower,57.0,Knight,58.0,Dart Goblin,19.0,Skeletons,94.0,The Log,98.0,4.0,8,True,True,2.0,2.0
04785,Inferno Tower,57.0,Knight,58.0,Dart Goblin,19.0,Skeletons,94.0,,,,8,False,False,0.0,0.0
04800,Inferno Tower,57.0,Knight,58.0,Dart Goblin,19.0,Skeletons,94.0,,,,8,False,False,0.0,0.0
04815,Inferno Tower,57.0,Knight,58.0,Dart Goblin,19.0,Skeletons,94.0,,,,9,False,False,0.0,0.0
04830,Inferno Tower,57.0,Knight,58.0,Dart Goblin,19.0,Skeletons,94.0,,,,9,False,False,0.0,0.0
04845,Inferno Tower,57.0,Knight,58.0,Dart Goblin,19.0,Skeleton Barrel,91.0,Skeletons,94.0,4.0,8,True,True,1.0,1.0
04860,Inferno Tower,57.0,Knight,58.0,Dart Goblin,19.0,Skeleton Barrel,91.0,,,,9,False,False,0.0,0.0
04875,Inferno Tower,57.0,Knight,58.0,Dart Goblin,19.0,Skeleton Barrel,91.0,,,,9,False,False,0.0,0.0
04890,Inferno Tower,57.0,Knight,58.0,Dart Goblin,19.0,Skeleton Barrel,91.0,,,,10,False,False,0.0,0.0
04905,Inferno Tower,57.0,Fireball,30.0,Dart Goblin,19.0,Skeleton Barrel,91.0,Knight,58.0,2.0,7,True,True,3.0,3.0
04920,Inferno Tower,57.0,Fireball,30.0,Dart Goblin,19.0,Skeleton Barrel,91.0,,,,7,False,False,0.0,0.0
04935,Inferno Tower,57.0,Fireball,30.0,Dart Goblin,19.0,Goblin Barrel,39.0,Skeleton Barrel,91.0,4.0,4,True,True,3.0,3.0
04950,Inferno Tower,57.0,Fireball,30.0,Dart Goblin,19.0,Goblin Barrel,39.0,,,,5,False,False,0.0,0.0
04965,Inferno Tower,57.0,Fireball,30.0,Dart Goblin,19.0,Goblin Barrel,39.0,,,,5,False,False,0.0,0.0
04980,Inferno Tower,57.0,Fireball,30.0,Dart Goblin,19.0,Goblin Barrel,39.0,,,,5,False,False,0.0,0.0
04995,Inferno Tower,57.0,Fireball,30.0,Dart Goblin,19.0,Goblin Barrel,39.0,,,,6,False,False,0.0,0.0
05010,Inferno Tower,57.0,Fireball,30.0,Dart Goblin,19.0,Goblin Barrel,39.0,,,,6,False,False,0.0,0.0
05025,Inferno Tower,57.0,Fireball,30.0,Dart Goblin,19.0,Goblin Barrel,39.0,,,,7,False,False,0.0,0.0
05040,Inferno Tower,57.0,Fireball,30.0,Dart Goblin,19.0,Goblin Barrel,39.0,,,,7,False,False,0.0,0.0
05055,Inferno Tower,57.0,Fireball,30.0,Dart Goblin,19.0,Goblin Barrel,39.0,,,,7,False,False,0.0,0.0
05070,Inferno Tower,57.0,Fireball,30.0,Dart Goblin,19.0,Goblin Barrel,39.0,,,,8,False,False,0.0,0.0
05085,The Log,98.0,Fireball,30.0,Dart Goblin,19.0,Goblin Barrel,39.0,Inferno Tower,57.0,1.0,3,True,True,5.0,5.0
05100,The Log,98.0,Fireball,30.0,Dart Goblin,19.0,Goblin Barrel,39.0,,,,3,False,False,0.0,0.0
05115,The Log,98.0,Fireball,30.0,Dart Goblin,19.0,Goblin Barrel,39.0,,,,4,False,False,0.0,0.0
05130,The Log,98.0,Fireball,30.0,Dart Goblin,19.0,Goblin Barrel,39.0,,,,4,False,False,0.0,0.0
05145,The Log,98.0,Fireball,30.0,Dart Goblin,19.0,Goblin Barrel,39.0,,,,4,False,False,0.0,0.0
05160,The Log,98.0,Fireball,30.0,Dart Goblin,19.0,Goblin Barrel,39.0,,,,5,False,False,0.0,0.0
05175,The Log,98.0,Fireball,30.0,Dart Goblin,19.0,Goblin Barrel,39.0,,,,5,False,False,0.0,0.0
05190,Skeletons,94.0,Fireball,30.0,Dart Goblin,19.0,Goblin Barrel,39.0,The Log,98.0,1.0,3,True,True,2.0,2.0
05205,Skeletons,94.0,Fireball,30.0,Dart Goblin,19.0,Goblin Barrel,39.0,,,,4,False,False,0.0,0.0
05220,Skeletons,94.0,Fireball,30.0,Dart Goblin,19.0,Goblin Barrel,39.0,,,,4,False,False,0.0,0.0
05235,Skeletons,94.0,Fireball,30.0,Dart Goblin,19.0,Goblin Barrel,39.0,,,,5,False,False,0.0,0.0
05250,Knight,58.0,Fireball,30.0,Dart Goblin,19.0,Goblin Barrel,39.0,Skeletons,94.0,1.0,4,True,True,1.0,1.0
05265,Knight,58.0,Fireball,30.0,Dart Goblin,19.0,Goblin Barrel,39.0,,,,4,False,False,0.0,0.0
05280,Knight,58.0,Fireball,30.0,Dart Goblin,19.0,Goblin Barrel,39.0,,,,5,False,False,0.0,0.0
05295,Knight,58.0,Fireball,30.0,Dart Goblin,19.0,Goblin Barrel,39.0,,,,5,False,False,0.0,0.0
05310,Skeleton Barrel,91.0,Fireball,30.0,Dart Goblin,19.0,Goblin Barrel,39.0,Knight,58.0,1.0,2,True,True,3.0,3.0
05325,Skeleton Barrel,91.0,Fireball,30.0,Dart Goblin,19.0,Goblin Barrel,39.0,,,,3,False,False,0.0,0.0
05340,Skeleton Barrel,91.0,Fireball,30.0,Dart Goblin,19.0,Goblin Barrel,39.0,,,,3,False,False,0.0,0.0
05355,Skeleton Barrel,91.0,Fireball,30.0,Dart Goblin,19.0,Goblin Barrel,39.0,,,,3,False,False,0.0,0.0
05370,Skeleton Barrel,91.0,Fireball,30.0,Dart Goblin,19.0,Goblin Barrel,39.0,,,,4,False,False,0.0,0.0
05385,Skeleton Barrel,91.0,Fireball,30.0,Dart Goblin,19.0,Goblin Barrel,39.0,,,,4,False,False,0.0,0.0
05400,Skeleton Barrel,91.0,Fireball,30.0,Dart Goblin,19.0,Goblin Barrel,39.0,,,,4,False,False,0.0,0.0
05415,Skeleton Barrel,91.0,Fireball,30.0,Dart Goblin,19.0,Goblin Barrel,39.0,,,,5,False,False,0.0,0.0
05430,Skeleton Barrel,91.0,Fireball,30.0,Dart Goblin,19.0,Goblin Barrel,39.0,,,,5,False,False,0.0,0.0
05445,Inferno Tower,57.0,Fireball,30.0,Dart Goblin,19.0,Goblin Barrel,39.0,Skeleton Barrel,91.0,1.0,3,True,True,2.0,3.0
05460,Inferno Tower,57.0,Fireball,30.0,Dart Goblin,19.0,Goblin Barrel,39.0,,,,3,False,False,0.0,0.0
05475,Inferno Tower,57.0,Fireball,30.0,Dart Goblin,19.0,Goblin Barrel,39.0,,,,3,False,False,0.0,0.0
05490,Inferno Tower,57.0,Fireball,30.0,The Log,98.0,Goblin Barrel,39.0,Dart Goblin,19.0,3.0,1,True,True,2.0,3.0
05505,Inferno Tower,57.0,Fireball,30.0,The Log,98.0,Goblin Barrel,39.0,,,,1,False,False,0.0,0.0
05520,Inferno Tower,57.0,Fireball,30.0,The Log,98.0,Goblin Barrel,39.0,,,,1,False,False,0.0,0.0
05535,Inferno Tower,57.0,Fireball,30.0,The Log,98.0,Goblin Barrel,39.0,,,,2,False,False,0.0,0.0
05550,Inferno Tower,57.0,Fireball,30.0,The Log,98.0,Goblin Barrel,39.0,,,,2,False,False,0.0,0.0
05565,Inferno Tower,57.0,Fireball,30.0,The Log,98.0,Goblin Barrel,39.0,,,,2,False,False,0.0,0.0
05580,Inferno Tower,57.0,Fireball,30.0,The Log,98.0,Goblin Barrel,39.0,,,,3,False,False,0.0,0.0
05595,Inferno Tower,57.0,Fireball,30.0,The Log,98.0,Goblin Barrel,39.0,,,,3,False,False,0.0,0.0
05610,Inferno Tower,57.0,Fireball,30.0,The Log,98.0,Goblin Barrel,39.0,,,,3,False,False,0.0,0.0
05625,Inferno Tower,57.0,Fireball,30.0,The Log,98.0,Goblin Barrel,39.0,,,,4,False,False,0.0,0.0
05640,Inferno Tower,57.0,Fireball,30.0,The Log,98.0,Goblin Barrel,39.0,,,,4,False,False,0.0,0.0
05655,Inferno Tower,57.0,Fireball,30.0,The Log,98.0,Goblin Barrel,39.0,,,,5,False,False,0.0,0.0
05670,Inferno Tower,57.0,Fireball,30.0,The Log,98.0,Goblin Barrel,39.0,,,,5,False,False,0.0,0.0
05685,Inferno Tower,57.0,Fireball,30.0,The Log,98.0,Goblin Barrel,39.0,,,,5,False,False,0.0,0.0
05700,Inferno Tower,57.0,Fireball,30.0,The Log,98.0,Goblin Barrel,39.0,,,,6,False,False,0.0,0.0
05715,Inferno Tower,57.0,Fireball,30.0,The Log,98.0,Goblin Barrel,39.0,,,,6,False,False,0.0,0.0
05730,Inferno Tower,57.0,Fireball,30.0,The Log,98.0,Goblin Barrel,39.0,,,,6,False,False,0.0,0.0
05745,Inferno Tower,57.0,Fireball,30.0,The Log,98.0,Skeletons,94.0,Goblin Barrel,39.0,4.0,4,True,True,2.0,4.0
05760,Inferno Tower,57.0,Fireball,30.0,Knight,58.0,Skeletons,94.0,The Log,98.0,3.0,2,True,True,2.0,2.0
05775,Inferno Tower,57.0,Fireball,30.0,Knight,58.0,Skeletons,94.0,,,,2,False,False,0.0,0.0
05790,Inferno Tower,57.0,Fireball,30.0,Knight,58.0,Skeletons,94.0,,,,3,False,False,0.0,0.0
05805,Inferno Tower,57.0,Fireball,30.0,Knight,58.0,Skeletons,94.0,,,,3,False,False,0.0,0.0
05820,Inferno Tower,57.0,Fireball,30.0,Knight,58.0,Skeletons,94.0,,,,3,False,False,0.0,0.0
05835,Inferno Tower,57.0,Fireball,30.0,Knight,58.0,Skeletons,94.0,,,,4,False,False,0.0,0.0
05850,Inferno Tower,57.0,Fireball,30.0,Knight,58.0,Skeletons,94.0,,,,4,False,False,0.0,0.0
05865,Inferno Tower,57.0,Fireball,30.0,Knight,58.0,Skeletons,94.0,,,,5,False,False,0.0,0.0
05880,Inferno Tower,57.0,Fireball,30.0,Knight,58.0,Skeletons,94.0,,,,5,False,False,0.0,0.0
05895,Inferno Tower,57.0,Fireball,30.0,Knight,58.0,Skeletons,94.0,,,,5,False,False,0.0,0.0
05910,Inferno Tower,57.0,Fireball,30.0,Knight,58.0,Skeletons,94.0,,,,6,False,False,0.0,0.0
05925,Inferno Tower,57.0,Fireball,30.0,Knight,58.0,Skeletons,94.0,,,,6,False,False,0.0,0.0
05940,Inferno Tower,57.0,Fireball,30.0,Knight,58.0,Skeletons,94.0,,,,6,False,False,0.0,0.0
05955,Inferno Tower,57.0,Fireball,30.0,Knight,58.0,Skeletons,94.0,,,,7,False,False,0.0,0.0
05970,Inferno Tower,57.0,Fireball,30.0,Knight,58.0,Skeletons,94.0,,,,7,False,False,0.0,0.0
05985,Inferno Tower,57.0,Fireball,30.0,Knight,58.0,Skeletons,94.0,,,,7,False,False,0.0,0.0
06000,Inferno Tower,57.0,Fireball,30.0,Knight,58.0,Skeletons,94.0,,,,8,False,False,0.0,0.0
06015,Inferno Tower,57.0,Fireball,30.0,Knight,58.0,Skeleton Barrel,91.0,Skeletons,94.0,4.0,7,True,True,1.0,1.0
06030,Inferno Tower,57.0,Fireball,30.0,Knight,58.0,Skeleton Barrel,91.0,,,,7,False,False,0.0,0.0
06045,Inferno Tower,57.0,Fireball,30.0,Dart Goblin,19.0,Skeleton Barrel,91.0,Knight,58.0,3.0,5,True,True,2.0,3.0
06060,Inferno Tower,57.0,Fireball,30.0,Dart Goblin,19.0,Skeleton Barrel,91.0,,,,5,False,False,0.0,0.0
06075,Inferno Tower,57.0,Fireball,30.0,Dart Goblin,19.0,Skeleton Barrel,91.0,,,,6,False,False,0.0,0.0
06090,Inferno Tower,57.0,Fireball,30.0,Dart Goblin,19.0,Goblin Barrel,39.0,Skeleton Barrel,91.0,4.0,3,True,True,3.0,3.0
06105,Inferno Tower,57.0,Fireball,30.0,Dart Goblin,19.0,Goblin Barrel,39.0,,,,3,False,False,0.0,0.0
06120,Inferno Tower,57.0,Fireball,30.0,The Log,98.0,Goblin Barrel,39.0,Dart Goblin,19.0,3.0,1,True,True,2.0,3.0
06135,Inferno Tower,57.0,Fireball,30.0,The Log,98.0,Goblin Barrel,39.0,,,,1,False,False,0.0,0.0
06150,Inferno Tower,57.0,Fireball,30.0,The Log,98.0,Goblin Barrel,39.0,,,,1,False,False,0.0,0.0
06165,Inferno Tower,57.0,Fireball,30.0,The Log,98.0,Goblin Barrel,39.0,,,,2,False,False,0.0,0.0
06180,Inferno Tower,57.0,Fireball,30.0,The Log,98.0,Goblin Barrel,39.0,,,,2,False,False,0.0,0.0
06195,Inferno Tower,57.0,Fireball,30.0,The Log,98.0,Goblin Barrel,39.0,,,,2,False,False,0.0,0.0
06210,Inferno Tower,57.0,Fireball,30.0,The Log,98.0,Goblin Barrel,39.0,,,,3,False,False,0.0,0.0
06225,Inferno Tower,57.0,Fireball,30.0,The Log,98.0,Goblin Barrel,39.0,,,,3,False,False,0.0,0.0
06240,Inferno Tower,57.0,Fireball,30.0,The Log,98.0,Goblin Barrel,39.0,,,,3,False,False,0.0,0.0
06255,Inferno Tower,57.0,Fireball,30.0,The Log,98.0,Goblin Barrel,39.0,,,,4,False,False,0.0,0.0
06270,Inferno Tower,57.0,Fireball,30.0,The Log,98.0,Goblin Barrel,39.0,,,,4,False,False,0.0,0.0
06285,Inferno Tower,57.0,Fireball,30.0,The Log,98.0,Goblin Barrel,39.0,,,,5,False,False,0.0,0.0
06300,Inferno Tower,57.0,Fireball,30.0,The Log,98.0,Goblin Barrel,39.0,,,,5,False,False,0.0,0.0
06315,Inferno Tower,57.0,Fireball,30.0,The Log,98.0,Goblin Barrel,39.0,,,,5,False,False,0.0,0.0
06330,Inferno Tower,57.0,Fireball,30.0,The Log,98.0,Goblin Barrel,39.0,,,,6,False,False,0.0,0.0
06345,Inferno Tower,57.0,Fireball,30.0,The Log,98.0,Skeletons,94.0,Goblin Barrel,39.0,4.0,3,True,True,3.0,4.0
06360,Inferno Tower,57.0,Fireball,30.0,The Log,98.0,Skeletons,94.0,,,,3,False,False,0.0,0.0
06375,Inferno Tower,57.0,Fireball,30.0,The Log,98.0,Skeletons,94.0,,,,4,False,False,0.0,0.0
06390,Inferno Tower,57.0,Fireball,30.0,The Log,98.0,Skeletons,94.0,,,,4,False,False,0.0,0.0
06405,Inferno Tower,57.0,Fireball,30.0,The Log,98.0,Skeletons,94.0,,,,4,False,False,0.0,0.0
06420,Inferno Tower,57.0,Fireball,30.0,The Log,98.0,Skeletons,94.0,,,,5,False,False,0.0,0.0
06435,Inferno Tower,57.0,Fireball,30.0,The Log,98.0,Skeletons,94.0,,,,5,False,False,0.0,0.0
06450,Inferno Tower,57.0,Fireball,30.0,The Log,98.0,Skeletons,94.0,,,,5,False,False,0.0,0.0
06465,Inferno Tower,57.0,Fireball,30.0,The Log,98.0,Skeletons,94.0,,,,6,False,False,0.0,0.0
06480,Inferno Tower,57.0,Fireball,30.0,The Log,98.0,Skeletons,94.0,,,,6,False,False,0.0,0.0
06495,Inferno Tower,57.0,Fireball,30.0,The Log,98.0,Skeletons,94.0,,,,7,False,False,0.0,0.0
06510,Inferno Tower,57.0,Fireball,30.0,The Log,98.0,Skeletons,94.0,,,,7,False,False,0.0,0.0
06525,Inferno Tower,57.0,Fireball,30.0,The Log,98.0,Skeletons,94.0,,,,7,False,False,0.0,0.0
06540,Inferno Tower,57.0,Fireball,30.0,Knight,58.0,Skeletons,94.0,The Log,98.0,3.0,6,True,True,1.0,2.0
06555,Inferno Tower,57.0,Fireball,30.0,Knight,58.0,Skeletons,94.0,,,,6,False,False,0.0,0.0
06570,Inferno Tower,57.0,Fireball,30.0,Knight,58.0,Skeletons,94.0,,,,6,False,False,0.0,0.0
06585,Inferno Tower,57.0,Fireball,30.0,Knight,58.0,Skeletons,94.0,,,,7,False,False,0.0,0.0
06600,Inferno Tower,57.0,Fireball,30.0,Knight,58.0,Skeletons,94.0,,,,7,False,False,0.0,0.0
06615,Inferno Tower,57.0,Fireball,30.0,Knight,58.0,Skeletons,94.0,,,,7,False,False,0.0,0.0
06630,Inferno Tower,57.0,Fireball,30.0,Knight,58.0,Skeletons,94.0,,,,8,False,False,0.0,0.0
06645,Inferno Tower,57.0,Fireball,30.0,Knight,58.0,Skeletons,94.0,,,,8,False,False,0.0,0.0
06660,Inferno Tower,57.0,Fireball,30.0,Knight,58.0,Skeletons,94.0,,,,8,False,False,0.0,0.0
06675,Skeleton Barrel,91.0,Fireball,30.0,Knight,58.0,Skeletons,94.0,Inferno Tower,57.0,1.0,4,True,True,4.0,5.0
06690,Skeleton Barrel,91.0,Fireball,30.0,Knight,58.0,Skeletons,94.0,,,,4,False,False,0.0,0.0
06705,Skeleton Barrel,91.0,Fireball,30.0,Knight,58.0,Skeletons,94.0,,,,5,False,False,0.0,0.0
06720,Skeleton Barrel,91.0,Fireball,30.0,Knight,58.0,Skeletons,94.0,,,,5,False,False,0.0,0.0
06735,Skeleton Barrel,91.0,Fireball,30.0,Knight,58.0,Skeletons,94.0,,,,5,False,False,0.0,0.0
06750,Dart Goblin,19.0,Fireball,30.0,Knight,58.0,Skeletons,94.0,Skeleton Barrel,91.0,1.0,3,True,True,2.0,3.0
06765,Dart Goblin,19.0,Fireball,30.0,Knight,58.0,Skeletons,94.0,,,,3,False,False,0.0,0.0
06780,Dart Goblin,19.0,Fireball,30.0,Knight,58.0,Skeletons,94.0,,,,3,False,False,0.0,0.0
06795,Dart Goblin,19.0,Fireball,30.0,Knight,58.0,Skeletons,94.0,,,,4,False,False,0.0,0.0
06810,Dart Goblin,19.0,Fireball,30.0,Knight,58.0,Skeletons,94.0,,,,4,False,False,0.0,0.0
06825,Dart Goblin,19.0,Fireball,30.0,Knight,58.0,Skeletons,94.0,,,,4,False,False,0.0,0.0
06840,Dart Goblin,19.0,Fireball,30.0,Knight,58.0,Skeletons,94.0,,,,5,False,False,0.0,0.0
06855,Dart Goblin,19.0,Fireball,30.0,Goblin Barrel,39.0,Skeletons,94.0,Knight,58.0,3.0,2,True,True,3.0,3.0
06870,Dart Goblin,19.0,Fireball,30.0,Goblin Barrel,39.0,Skeletons,94.0,,,,2,False,False,0.0,0.0
06885,Dart Goblin,19.0,Fireball,30.0,Goblin Barrel,39.0,Skeletons,94.0,,,,3,False,False,0.0,0.0
06900,Dart Goblin,19.0,Fireball,30.0,Goblin Barrel,39.0,Skeletons,94.0,,,,3,False,False,0.0,0.0
06915,Dart Goblin,19.0,Fireball,30.0,Goblin Barrel,39.0,Skeletons,94.0,,,,4,False,False,0.0,0.0
06930,Dart Goblin,19.0,Fireball,30.0,Goblin Barrel,39.0,Skeletons,94.0,,,,4,False,False,0.0,0.0
06945,Dart Goblin,19.0,Fireball,30.0,Goblin Barrel,39.0,Skeletons,94.0,,,,4,False,False,0.0,0.0
06960,Dart Goblin,19.0,Fireball,30.0,Goblin Barrel,39.0,Skeletons,94.0,,,,5,False,False,0.0,0.0
06975,Dart Goblin,19.0,Fireball,30.0,Goblin Barrel,39.0,Skeletons,94.0,,,,5,False,False,0.0,0.0
06990,Dart Goblin,19.0,Fireball,30.0,Goblin Barrel,39.0,Skeletons,94.0,,,,5,False,False,0.0,0.0
07005,Dart Goblin,19.0,Fireball,30.0,Goblin Barrel,39.0,Skeletons,94.0,,,,6,False,False,0.0,0.0
07020,Dart Goblin,19.0,Fireball,30.0,The Log,98.0,Skeletons,94.0,Goblin Barrel,39.0,3.0,3,True,True,3.0,4.0
07035,Inferno Tower,57.0,Fireball,30.0,The Log,98.0,Skeletons,94.0,Dart Goblin,19.0,1.0,0,True,True,3.0,3.0
07050,Inferno Tower,57.0,Fireball,30.0,The Log,98.0,Skeletons,94.0,,,,1,False,False,0.0,0.0
07065,Inferno Tower,57.0,Fireball,30.0,The Log,98.0,Skeletons,94.0,,,,1,False,False,0.0,0.0
07080,Inferno Tower,57.0,Fireball,30.0,The Log,98.0,Skeletons,94.0,,,,1,False,False,0.0,0.0
07095,Inferno Tower,57.0,Fireball,30.0,The Log,98.0,Skeletons,94.0,,,,2,False,False,0.0,0.0
07110,Inferno Tower,57.0,Fireball,30.0,The Log,98.0,Skeletons,94.0,,,,2,False,False,0.0,0.0
07125,Inferno Tower,57.0,Fireball,30.0,The Log,98.0,Skeletons,94.0,,,,3,False,False,0.0,0.0
07140,Inferno Tower,57.0,Fireball,30.0,The Log,98.0,Skeletons,94.0,,,,3,False,False,0.0,0.0
07155,Inferno Tower,57.0,Fireball,30.0,The Log,98.0,Skeletons,94.0,,,,3,False,False,0.0,0.0
07170,Inferno Tower,57.0,Fireball,30.0,The Log,98.0,Skeletons,94.0,,,,4,False,False,0.0,0.0
07185,Inferno Tower,57.0,Fireball,30.0,The Log,98.0,Skeletons,94.0,,,,4,False,False,0.0,0.0
07200,Inferno Tower,57.0,Fireball,30.0,The Log,98.0,Skeletons,94.0,,,,4,False,False,0.0,0.0
07215,Inferno Tower,57.0,Fireball,30.0,The Log,98.0,Skeletons,94.0,,,,5,False,False,0.0,0.0
07230,Inferno Tower,57.0,Fireball,30.0,The Log,98.0,Skeletons,94.0,,,,5,False,False,0.0,0.0
07245,Inferno Tower,57.0,Fireball,30.0,The Log,98.0,Skeletons,94.0,,,,5,False,False,0.0,0.0
07260,Inferno Tower,57.0,Fireball,30.0,The Log,98.0,Skeletons,94.0,,,,6,False,False,0.0,0.0
07275,Inferno Tower,57.0,Fireball,30.0,The Log,98.0,Skeletons,94.0,,,,6,False,False,0.0,0.0
07290,Inferno Tower,57.0,Skeleton Barrel,91.0,The Log,98.0,Skeletons,94.0,Fireball,30.0,2.0,2,True,True,4.0,4.0
07305,Inferno Tower,57.0,Skeleton Barrel,91.0,The Log,98.0,Skeletons,94.0,,,,3,False,False,0.0,0.0
07320,Inferno Tower,57.0,Skeleton Barrel,91.0,The Log,98.0,Skeletons,94.0,,,,3,False,False,0.0,0.0
07335,Inferno Tower,57.0,Skeleton Barrel,91.0,The Log,98.0,Skeletons,94.0,,,,4,False,False,0.0,0.0
07350,Inferno Tower,57.0,Skeleton Barrel,91.0,The Log,98.0,Skeletons,94.0,,,,4,False,False,0.0,0.0
07365,Inferno Tower,57.0,Skeleton Barrel,91.0,The Log,98.0,Skeletons,94.0,,,,4,False,False,0.0,0.0
07380,Inferno Tower,57.0,Skeleton Barrel,91.0,The Log,98.0,Skeletons,94.0,,,,5,False,False,0.0,0.0
07395,Inferno Tower,57.0,Skeleton Barrel,91.0,The Log,98.0,Skeletons,94.0,,,,5,False,False,0.0,0.0
07410,Inferno Tower,57.0,Skeleton Barrel,91.0,The Log,98.0,Knight,58.0,Skeletons,94.0,4.0,5,True,False,0.0,1.0
07425,Inferno Tower,57.0,Skeleton Barrel,91.0,The Log,98.0,Knight,58.0,,,,5,False,False,0.0,0.0
07440,Inferno Tower,57.0,Skeleton Barrel,91.0,The Log,98.0,Knight,58.0,,,,6,False,False,0.0,0.0
07455,Inferno Tower,57.0,Skeleton Barrel,91.0,The Log,98.0,Knight,58.0,,,,6,False,False,0.0,0.0
07470,Inferno Tower,57.0,Skeleton Barrel,91.0,The Log,98.0,Knight,58.0,,,,7,False,False,0.0,0.0
07485,Inferno Tower,57.0,Goblin Barrel,39.0,The Log,98.0,Knight,58.0,Skeleton Barrel,91.0,2.0,4,True,True,3.0,3.0
07500,Inferno Tower,57.0,Goblin Barrel,39.0,The Log,98.0,Knight,58.0,,,,5,False,False,0.0,0.0
07515,Inferno Tower,57.0,Goblin Barrel,39.0,The Log,98.0,Knight,58.0,,,,6,False,False,0.0,0.0
07530,Inferno Tower,57.0,Goblin Barrel,39.0,The Log,98.0,Knight,58.0,,,,6,False,False,0.0,0.0
07545,Inferno Tower,57.0,Dart Goblin,19.0,The Log,98.0,Knight,58.0,Goblin Barrel,39.0,2.0,4,True,True,2.0,4.0
07560,Inferno Tower,57.0,Dart Goblin,19.0,The Log,98.0,Knight,58.0,,,,4,False,False,0.0,0.0
07575,Inferno Tower,57.0,Dart Goblin,19.0,Fireball,30.0,Knight,58.0,The Log,98.0,3.0,3,True,True,1.0,2.0
07590,Inferno Tower,57.0,Dart Goblin,19.0,Fireball,30.0,Knight,58.0,,,,3,False,False,0.0,0.0
07605,Inferno Tower,57.0,Dart Goblin,19.0,Fireball,30.0,Knight,58.0,,,,4,False,False,0.0,0.0
07620,Inferno Tower,57.0,Dart Goblin,19.0,Fireball,30.0,Knight,58.0,,,,4,False,False,0.0,0.0
07635,Inferno Tower,57.0,Dart Goblin,19.0,Fireball,30.0,Knight,58.0,,,,5,False,False,0.0,0.0
07650,Inferno Tower,57.0,Dart Goblin,19.0,Fireball,30.0,Knight,58.0,,,,5,False,False,0.0,0.0
07665,Inferno Tower,57.0,Dart Goblin,19.0,Fireball,30.0,Knight,58.0,,,,6,False,False,0.0,0.0
07680,Inferno Tower,57.0,Dart Goblin,19.0,Fireball,30.0,Knight,58.0,,,,6,False,False,0.0,0.0
07695,Inferno Tower,57.0,Dart Goblin,19.0,Fireball,30.0,Knight,58.0,,,,7,False,False,0.0,0.0
07710,Inferno Tower,57.0,Dart Goblin,19.0,Fireball,30.0,Knight,58.0,,,,7,False,False,0.0,0.0
07725,Inferno Tower,57.0,Dart Goblin,19.0,Fireball,30.0,Knight,58.0,,,,8,False,False,0.0,0.0
07740,Inferno Tower,57.0,Dart Goblin,19.0,Fireball,30.0,Knight,58.0,,,,9,False,False,0.0,0.0
07755,Inferno Tower,57.0,Dart Goblin,19.0,Fireball,30.0,Skeletons,94.0,Knight,58.0,4.0,6,True,True,3.0,3.0
07770,Inferno Tower,57.0,Skeleton Barrel,91.0,Fireball,30.0,Skeletons,94.0,Dart Goblin,19.0,2.0,4,True,True,2.0,3.0
07785,Inferno Tower,57.0,Skeleton Barrel,91.0,Fireball,30.0,Skeletons,94.0,,,,4,False,False,0.0,0.0
07800,Inferno Tower,57.0,Skeleton Barrel,91.0,Fireball,30.0,Skeletons,94.0,,,,5,False,False,0.0,0.0
07815,Inferno Tower,57.0,Skeleton Barrel,91.0,Fireball,30.0,Skeletons,94.0,,,,5,False,False,0.0,0.0
07830,Inferno Tower,57.0,Skeleton Barrel,91.0,Fireball,30.0,Skeletons,94.0,,,,6,False,False,0.0,0.0
07845,Inferno Tower,57.0,Skeleton Barrel,91.0,Fireball,30.0,Skeletons,94.0,,,,6,False,False,0.0,0.0
07860,Inferno Tower,57.0,Skeleton Barrel,91.0,Fireball,30.0,Skeletons,94.0,,,,7,False,False,0.0,0.0
07875,Inferno Tower,57.0,Skeleton Barrel,91.0,Fireball,30.0,Skeletons,94.0,,,,7,False,False,0.0,0.0
07890,Inferno Tower,57.0,Skeleton Barrel,91.0,Fireball,30.0,Skeletons,94.0,,,,8,False,False,0.0,0.0
07905,Inferno Tower,57.0,Skeleton Barrel,91.0,Fireball,30.0,Skeletons,94.0,,,,8,False,False,0.0,0.0
07920,Inferno Tower,57.0,Skeleton Barrel,91.0,Fireball,30.0,Skeletons,94.0,,,,9,False,False,0.0,0.0
07935,Inferno Tower,57.0,Goblin Barrel,39.0,Fireball,30.0,Skeletons,94.0,Skeleton Barrel,91.0,2.0,7,True,True,2.0,3.0
07950,Inferno Tower,57.0,Goblin Barrel,39.0,Fireball,30.0,Skeletons,94.0,,,,7,False,False,0.0,0.0
07965,Inferno Tower,57.0,Goblin Barrel,39.0,Fireball,30.0,Skeletons,94.0,,,,8,False,False,0.0,0.0
07980,Inferno Tower,57.0,Goblin Barrel,39.0,Fireball,30.0,Skeletons,94.0,,,,8,False,False,0.0,0.0
07995,Inferno Tower,57.0,Goblin Barrel,39.0,Fireball,30.0,Skeletons,94.0,,,,9,False,False,0.0,0.0
08010,Inferno Tower,57.0,Goblin Barrel,39.0,Fireball,30.0,The Log,98.0,Skeletons,94.0,4.0,8,True,True,1.0,1.0
08025,Inferno Tower,57.0,Goblin Barrel,39.0,Fireball,30.0,The Log,98.0,,,,9,False,False,0.0,0.0
08040,Knight,58.0,Goblin Barrel,39.0,Fireball,30.0,The Log,98.0,Inferno Tower,57.0,1.0,4,True,True,5.0,5.0
08055,Knight,58.0,Goblin Barrel,39.0,Fireball,30.0,The Log,98.0,,,,5,False,False,0.0,0.0
08070,Knight,58.0,Goblin Barrel,39.0,Fireball,30.0,The Log,98.0,,,,5,False,False,0.0,0.0
08085,Knight,58.0,Goblin Barrel,39.0,Fireball,30.0,The Log,98.0,,,,6,False,False,0.0,0.0
08100,Knight,58.0,Goblin Barrel,39.0,Fireball,30.0,The Log,98.0,,,,6,False,False,0.0,0.0
08115,Knight,58.0,Goblin Barrel,39.0,Dart Goblin,19.0,The Log,98.0,Fireball,30.0,3.0,3,True,True,3.0,4.0
08130,Knight,58.0,Goblin Barrel,39.0,Dart Goblin,19.0,The Log,98.0,,,,3,False,False,0.0,0.0
08145,Knight,58.0,Goblin Barrel,39.0,Dart Goblin,19.0,Skeleton Barrel,91.0,The Log,98.0,4.0,2,True,True,1.0,2.0
08160,Knight,58.0,Goblin Barrel,39.0,Dart Goblin,19.0,Skeleton Barrel,91.0,,,,3,False,False,0.0,0.0
08175,Knight,58.0,Goblin Barrel,39.0,Dart Goblin,19.0,Skeleton Barrel,91.0,,,,3,False,False,0.0,0.0
08190,Knight,58.0,Goblin Barrel,39.0,Dart Goblin,19.0,Skeleton Barrel,91.0,,,,4,False,False,0.0,0.0
08205,Knight,58.0,Goblin Barrel,39.0,Dart Goblin,19.0,Skeleton Barrel,91.0,,,,4,False,False,0.0,0.0
08220,Skeletons,94.0,Goblin Barrel,39.0,Dart Goblin,19.0,Skeleton Barrel,91.0,Knight,58.0,1.0,2,True,True,2.0,3.0
08235,Skeletons,94.0,Goblin Barrel,39.0,Dart Goblin,19.0,Skeleton Barrel,91.0,,,,2,False,False,0.0,0.0
08250,Skeletons,94.0,Goblin Barrel,39.0,Dart Goblin,19.0,Skeleton Barrel,91.0,,,,3,False,False,0.0,0.0
08265,Skeletons,94.0,Goblin Barrel,39.0,Dart Goblin,19.0,Skeleton Barrel,91.0,,,,3,False,False,0.0,0.0
08280,Skeletons,94.0,Goblin Barrel,39.0,Dart Goblin,19.0,Skeleton Barrel,91.0,,,,4,False,False,0.0,0.0
08295,Skeletons,94.0,Goblin Barrel,39.0,Dart Goblin,19.0,Skeleton Barrel,91.0,,,,4,False,False,0.0,0.0
08310,Skeletons,94.0,Goblin Barrel,39.0,Dart Goblin,19.0,Skeleton Barrel,91.0,,,,5,False,False,0.0,0.0
08325,Skeletons,94.0,Goblin Barrel,39.0,Dart Goblin,19.0,Skeleton Barrel,91.0,,,,5,False,False,0.0,0.0
08340,Skeletons,94.0,Goblin Barrel,39.0,Dart Goblin,19.0,Skeleton Barrel,91.0,,,,6,False,False,0.0,0.0
08355,Skeletons,94.0,Goblin Barrel,39.0,Dart Goblin,19.0,Skeleton Barrel,91.0,,,,7,False,False,0.0,0.0
08370,Skeletons,94.0,Goblin Barrel,39.0,Dart Goblin,19.0,Skeleton Barrel,91.0,,,,7,False,False,0.0,0.0
08385,Skeletons,94.0,Goblin Barrel,39.0,Dart Goblin,19.0,Skeleton Barrel,91.0,,,,8,False,False,0.0,0.0
08400,Skeletons,94.0,Goblin Barrel,39.0,Inferno Tower,57.0,Skeleton Barrel,91.0,Dart Goblin,19.0,3.0,5,True,True,3.0,3.0
08415,Skeletons,94.0,Goblin Barrel,39.0,Inferno Tower,57.0,Skeleton Barrel,91.0,,,,6,False,False,0.0,0.0
08430,Fireball,30.0,Goblin Barrel,39.0,Inferno Tower,57.0,Skeleton Barrel,91.0,Skeletons,94.0,1.0,5,True,True,1.0,1.0
08445,Fireball,30.0,Goblin Barrel,39.0,Inferno Tower,57.0,Skeleton Barrel,91.0,,,,6,False,False,0.0,0.0
08460,Fireball,30.0,Goblin Barrel,39.0,Inferno Tower,57.0,Skeleton Barrel,91.0,,,,6,False,False,0.0,0.0
08475,Fireball,30.0,Goblin Barrel,39.0,Inferno Tower,57.0,Skeleton Barrel,91.0,,,,7,False,False,0.0,0.0
08490,Fireball,30.0,Goblin Barrel,39.0,The Log,98.0,Skeleton Barrel,91.0,Inferno Tower,57.0,3.0,2,True,True,5.0,5.0
08505,Fireball,30.0,Goblin Barrel,39.0,The Log,98.0,Skeleton Barrel,91.0,,,,3,False,False,0.0,0.0
08520,Fireball,30.0,Goblin Barrel,39.0,The Log,98.0,Skeleton Barrel,91.0,,,,3,False,False,0.0,0.0
08535,Fireball,30.0,Goblin Barrel,39.0,The Log,98.0,Skeleton Barrel,91.0,,,,4,False,False,0.0,0.0
08550,Fireball,30.0,Goblin Barrel,39.0,The Log,98.0,Skeleton Barrel,91.0,,,,5,False,False,0.0,0.0
08565,Fireball,30.0,Goblin Barrel,39.0,The Log,98.0,Skeleton Barrel,91.0,,,,5,False,False,0.0,0.0
08580,Fireball,30.0,Goblin Barrel,39.0,The Log,98.0,Skeleton Barrel,91.0,,,,6,False,False,0.0,0.0
08595,Fireball,30.0,Goblin Barrel,39.0,The Log,98.0,Skeleton Barrel,91.0,,,,6,False,False,0.0,0.0
08610,Knight,58.0,Goblin Barrel,39.0,The Log,98.0,Skeleton Barrel,91.0,Fireball,30.0,1.0,7,True,False,0.0,4.0
08625,Knight,58.0,Goblin Barrel,39.0,Dart Goblin,19.0,Skeleton Barrel,91.0,The Log,98.0,3.0,7,True,True,5.0,2.0
08640,Knight,58.0,Goblin Barrel,39.0,Dart Goblin,19.0,Skeleton Barrel,91.0,,,,2,False,False,0.0,0.0
08655,Knight,58.0,Goblin Barrel,39.0,Dart Goblin,19.0,Skeleton Barrel,91.0,,,,2,False,False,0.0,0.0
08670,Knight,58.0,Goblin Barrel,39.0,Dart Goblin,19.0,Skeleton Barrel,91.0,,,,3,False,False,0.0,0.0
08685,Knight,58.0,Goblin Barrel,39.0,Dart Goblin,19.0,Skeleton Barrel,91.0,,,,3,False,False,0.0,0.0
08700,Skeletons,94.0,Goblin Barrel,39.0,Dart Goblin,19.0,Skeleton Barrel,91.0,Knight,58.0,1.0,1,True,True,2.0,3.0
08715,Skeletons,94.0,Goblin Barrel,39.0,Dart Goblin,19.0,Skeleton Barrel,91.0,,,,1,False,False,0.0,0.0
08730,Skeletons,94.0,Goblin Barrel,39.0,Dart Goblin,19.0,Skeleton Barrel,91.0,,,,2,False,False,0.0,0.0
08745,Skeletons,94.0,Goblin Barrel,39.0,Dart Goblin,19.0,Skeleton Barrel,91.0,,,,3,False,False,0.0,0.0
08760,Skeletons,94.0,Goblin Barrel,39.0,Dart Goblin,19.0,Skeleton Barrel,91.0,,,,3,False,False,0.0,0.0
08775,Inferno Tower,57.0,Goblin Barrel,39.0,Dart Goblin,19.0,Skeleton Barrel,91.0,Skeletons,94.0,1.0,3,True,False,0.0,1.0
08790,Inferno Tower,57.0,Goblin Barrel,39.0,Dart Goblin,19.0,Skeleton Barrel,91.0,,,,3,False,False,0.0,0.0
08805,Inferno Tower,57.0,Goblin Barrel,39.0,Dart Goblin,19.0,Skeleton Barrel,91.0,,,,4,False,False,0.0,0.0
08820,Inferno Tower,57.0,Goblin Barrel,39.0,Dart Goblin,19.0,Skeleton Barrel,91.0,,,,4,False,False,0.0,0.0
08835,Inferno Tower,57.0,Goblin Barrel,39.0,Dart Goblin,19.0,Skeleton Barrel,91.0,,,,5,False,False,0.0,0.0
08850,Inferno Tower,57.0,Goblin Barrel,39.0,Dart Goblin,19.0,Skeleton Barrel,91.0,,,,5,False,False,0.0,0.0
08865,Inferno Tower,57.0,Goblin Barrel,39.0,Dart Goblin,19.0,Skeleton Barrel,91.0,,,,6,False,False,0.0,0.0
08880,Fireball,30.0,Goblin Barrel,39.0,Dart Goblin,19.0,Skeleton Barrel,91.0,Inferno Tower,57.0,1.0,1,True,True,5.0,5.0
08895,Fireball,30.0,Goblin Barrel,39.0,Dart Goblin,19.0,Skeleton Barrel,91.0,,,,2,False,False,0.0,0.0
08910,Fireball,30.0,Goblin Barrel,39.0,Dart Goblin,19.0,Skeleton Barrel,91.0,,,,3,False,False,0.0,0.0
08925,Fireball,30.0,Goblin Barrel,39.0,Dart Goblin,19.0,Skeleton Barrel,91.0,,,,3,False,False,0.0,0.0
08940,Fireball,30.0,Goblin Barrel,39.0,Dart Goblin,19.0,Skeleton Barrel,91.0,,,,4,False,False,0.0,0.0
08955,Fireball,30.0,Goblin Barrel,39.0,Dart Goblin,19.0,Skeleton Barrel,91.0,,,,4,False,False,0.0,0.0
08970,Fireball,30.0,Goblin Barrel,39.0,Dart Goblin,19.0,Skeleton Barrel,91.0,,,,5,False,False,0.0,0.0
08985,Fireball,30.0,Goblin Barrel,39.0,Dart Goblin,19.0,Skeleton Barrel,91.0,,,,5,False,False,0.0,0.0
09000,Fireball,30.0,Goblin Barrel,39.0,Dart Goblin,19.0,Skeleton Barrel,91.0,,,,6,False,False,0.0,0.0
09015,Fireball,30.0,Goblin Barrel,39.0,Dart Goblin,19.0,Skeleton Barrel,91.0,,,,6,False,False,0.0,0.0
09030,Fireball,30.0,Goblin Barrel,39.0,Dart Goblin,19.0,The Log,98.0,Skeleton Barrel,91.0,4.0,4,True,True,2.0,3.0
09045,Fireball,30.0,Goblin Barrel,39.0,Dart Goblin,19.0,The Log,98.0,,,,4,False,False,0.0,0.0
09060,Fireball,30.0,Goblin Barrel,39.0,Dart Goblin,19.0,The Log,98.0,,,,5,False,False,0.0,0.0
09075,Knight,58.0,Goblin Barrel,39.0,Dart Goblin,19.0,The Log,98.0,Fireball,30.0,1.0,1,True,True,4.0,4.0
09090,Knight,58.0,Goblin Barrel,39.0,Dart Goblin,19.0,The Log,98.0,,,,2,False,False,0.0,0.0
09105,Knight,58.0,Goblin Barrel,39.0,Dart Goblin,19.0,The Log,98.0,,,,2,False,False,0.0,0.0
09120,Knight,58.0,Goblin Barrel,39.0,Dart Goblin,19.0,The Log,98.0,,,,3,False,False,0.0,0.0
09135,Knight,58.0,Goblin Barrel,39.0,Skeleton Barrel,91.0,Skeletons,94.0,The Log,98.0,4.0,2,True,True,1.0,2.0
09150,Knight,58.0,Goblin Barrel,39.0,Dart Goblin,19.0,Skeletons,94.0,Skeleton Barrel,91.0,3.0,2,True,False,0.0,3.0
09165,Knight,58.0,Goblin Barrel,39.0,Dart Goblin,19.0,Skeletons,94.0,,,,3,False,False,0.0,0.0
09180,Knight,58.0,Goblin Barrel,39.0,Dart Goblin,19.0,Skeletons,94.0,,,,3,False,False,0.0,0.0
09195,Knight,58.0,Goblin Barrel,39.0,Dart Goblin,19.0,Skeletons,94.0,,,,4,False,False,0.0,0.0
09210,Knight,58.0,Goblin Barrel,39.0,Dart Goblin,19.0,Skeletons,94.0,,,,4,False,False,0.0,0.0
09225,Knight,58.0,Goblin Barrel,39.0,Dart Goblin,19.0,Skeletons,94.0,,,,4,False,False,0.0,0.0
09240,Knight,58.0,Goblin Barrel,39.0,Dart Goblin,19.0,Skeletons,94.0,,,,4,False,False,0.0,0.0
09255,Knight,58.0,Goblin Barrel,39.0,Dart Goblin,19.0,Skeletons,94.0,,,,4,False,False,0.0,0.0
09270,Knight,58.0,Goblin Barrel,39.0,Dart Goblin,19.0,Skeletons,94.0,,,,4,False,False,0.0,0.0
09285,Knight,58.0,Goblin Barrel,39.0,Dart Goblin,19.0,Skeletons,94.0,,,,4,False,False,0.0,0.0
09300,Knight,58.0,Goblin Barrel,39.0,Dart Goblin,19.0,Skeletons,94.0,,,,4,False,False,0.0,0.0
09315,Knight,58.0,Goblin Barrel,39.0,Dart Goblin,19.0,Skeletons,94.0,,,,4,False,False,0.0,0.0
09330,Knight,58.0,Goblin Barrel,39.0,Dart Goblin,19.0,Skeletons,94.0,,,,4,False,False,0.0,0.0
09345,Knight,58.0,Goblin Barrel,39.0,Dart Goblin,19.0,Skeletons,94.0,,,,4,False,False,0.0,0.0
