frame,card1Name,card1Label,card2Name,card2Label,card3Name,card3Label,card4Name,card4Label,cardPlayedName,cardPlayedLabel,slotPlayed,elixir,predicted_cardPlayed,y_cardPlayed,y_elixirConsumed
00240,Magic Archer,62.0,Royal Hogs,88.0,Hunter,52.0,Cannon Cart,16.0,,,,6,,,
00255,Magic Archer,62.0,Royal Hogs,88.0,Hunter,52.0,Cannon Cart,16.0,,,,6,,,
00270,Magic Archer,62.0,Royal Hogs,88.0,Hunter,52.0,Cannon Cart,16.0,,,,6,,,
00285,Magic Archer,62.0,Royal Hogs,88.0,Hunter,52.0,Cannon Cart,16.0,,,,7,,,
00300,Magic Archer,62.0,Royal Hogs,88.0,Hunter,52.0,Cannon Cart,16.0,,,,7,,,
00315,Magic Archer,62.0,Royal Hogs,88.0,Hunter,52.0,Cannon Cart,16.0,,,,7,,,
00330,Magic Archer,62.0,Royal Hogs,88.0,Hunter,52.0,Cannon Cart,16.0,,,,7,,,
00345,Magic Archer,62.0,Royal Hogs,88.0,Hunter,52.0,Cannon Cart,16.0,,,,7,,,
00360,Magic Archer,62.0,Royal Hogs,88.0,Hunter,52.0,Cannon Cart,16.0,,,,8,,,
00375,Magic Archer,62.0,Royal Hogs,88.0,Hunter,52.0,Cannon Cart,16.0,,,,8,,,
00390,Magic Archer,62.0,Royal Hogs,88.0,Hunter,52.0,Cannon Cart,16.0,,,,8,,,
00405,Magic Archer,62.0,Royal Hogs,88.0,Hunter,52.0,Cannon Cart,16.0,,,,8,,,
00420,Magic Archer,62.0,Royal Hogs,88.0,Hunter,52.0,Cannon Cart,16.0,,,,8,,,
00435,Magic Archer,62.0,Royal Hogs,88.0,Hunter,52.0,Cannon Cart,16.0,,,,8,,,
00450,Magic Archer,62.0,Royal Hogs,88.0,Hunter,52.0,Cannon Cart,16.0,,,,9,,,
00465,Magic Archer,62.0,Royal Hogs,88.0,Hunter,52.0,Cannon Cart,16.0,,,,9,,,
00480,Magic Archer,62.0,Royal Hogs,88.0,Hunter,52.0,Cannon Cart,16.0,,,,9,,,
00495,Magic Archer,62.0,Royal Hogs,88.0,Hunter,52.0,Cannon Cart,16.0,,,,9,,,
00510,Magic Archer,62.0,Royal Hogs,88.0,Hunter,52.0,Cannon Cart,16.0,,,,9,,,
00525,Magic Archer,62.0,Tesla,97.0,Hunter,52.0,Cannon Cart,16.0,,,,10,,,
00540,Magic Archer,62.0,Royal Hogs,88.0,Hunter,52.0,Cannon Cart,16.0,,,,10,,,
00555,Magic Archer,62.0,Royal Hogs,88.0,Hunter,52.0,Cannon Cart,16.0,,,,10,,,
00570,Magic Archer,62.0,Royal Hogs,88.0,Hunter,52.0,Cannon Cart,16.0,,,,10,,,
00585,Magic Archer,62.0,Royal Hogs,88.0,Hunter,52.0,Cannon Cart,16.0,,,,10,,,
00600,Magic Archer,62.0,Royal Hogs,88.0,Hunter,52.0,Cannon Cart,16.0,,,,10,,,
00615,Minion Horde,68.0,Royal Hogs,88.0,Hunter,52.0,Cannon Cart,16.0,,,,6,,,
00630,Royal Recruits,89.0,Royal Hogs,88.0,Hunter,52.0,Cannon Cart,16.0,,,,6,,,
00645,Royal Recruits,89.0,Royal Hogs,88.0,Hunter,52.0,Cannon Cart,16.0,,,,6,,,
00660,Royal Recruits,89.0,Royal Hogs,88.0,Hunter,52.0,Cannon Cart,16.0,,,,6,,,
00675,Royal Recruits,89.0,Royal Hogs,88.0,Hunter,52.0,Cannon Cart,16.0,,,,6,,,
00690,Royal Recruits,89.0,Royal Hogs,88.0,Hunter,52.0,Cannon Cart,16.0,,,,6,,,
00705,Royal Recruits,89.0,Royal Hogs,88.0,Hunter,52.0,Cannon Cart,16.0,,,,7,,,
00720,Royal Recruits,89.0,Royal Hogs,88.0,Hunter,52.0,Cannon Cart,16.0,,,,7,,,
00735,Royal Recruits,89.0,Royal Hogs,88.0,Hunter,52.0,Cannon Cart,16.0,,,,7,,,
00750,Royal Recruits,89.0,Royal Hogs,88.0,Hunter,52.0,Cannon Cart,16.0,,,,7,,,
00765,Royal Recruits,89.0,Royal Hogs,88.0,Hunter,52.0,Cannon Cart,16.0,,,,7,,,
00780,Royal Recruits,89.0,Royal Hogs,88.0,Hunter,52.0,Cannon Cart,16.0,,,,8,,,
00795,Royal Recruits,89.0,Royal Hogs,88.0,Hunter,52.0,Cannon Cart,16.0,,,,8,,,
00810,Royal Recruits,89.0,Royal Hogs,88.0,Hunter,52.0,Cannon Cart,16.0,,,,8,,,
00825,Royal Recruits,89.0,Royal Hogs,88.0,Hunter,52.0,Cannon Cart,16.0,,,,8,,,
00840,Royal Recruits,89.0,Royal Hogs,88.0,Hunter,52.0,Cannon Cart,16.0,,,,8,,,
00855,Royal Recruits,89.0,Royal Hogs,88.0,Hunter,52.0,Cannon Cart,16.0,,,,8,,,
00870,Royal Recruits,89.0,Royal Hogs,88.0,Hunter,52.0,Cannon Cart,16.0,,,,9,,,
00885,Barbarians,8.0,Rocket,84.0,Hunter,52.0,Cannon Cart,16.0,,,,2,,,
00900,Heal Spirit,50.0,Rocket,84.0,Hunter,52.0,Cannon Cart,16.0,,,,2,,,
00915,Heal Spirit,50.0,Rocket,84.0,Hunter,52.0,Cannon Cart,16.0,,,,2,,,
00930,Heal Spirit,50.0,Rocket,84.0,Hunter,52.0,Cannon Cart,16.0,,,,2,,,
00945,Heal Spirit,50.0,Rocket,84.0,Hunter,52.0,Cannon Cart,16.0,,,,3,,,
00960,Heal Spirit,50.0,Royal Hogs,88.0,Hunter,52.0,Cannon Cart,16.0,,,,3,,,
00975,Heal Spirit,50.0,Royal Hogs,88.0,Hunter,52.0,Cannon Cart,16.0,,,,3,,,
00990,Heal Spirit,50.0,Royal Hogs,88.0,Hunter,52.0,Cannon Cart,16.0,,,,3,,,
01005,Heal Spirit,50.0,Royal Hogs,88.0,Hunter,52.0,Cannon Cart,16.0,,,,3,,,
01020,Heal Spirit,50.0,Royal Hogs,88.0,Hunter,52.0,Cannon Cart,16.0,,,,3,,,
01035,Heal Spirit,50.0,Royal Hogs,88.0,Hunter,52.0,Cannon Cart,16.0,,,,4,,,
01050,Heal Spirit,50.0,Royal Hogs,88.0,Hunter,52.0,Cannon Cart,16.0,,,,4,,,
01065,Heal Spirit,50.0,Royal Hogs,88.0,Hunter,52.0,Cannon Cart,16.0,,,,4,,,
01080,Heal Spirit,50.0,Royal Hogs,88.0,Hunter,52.0,Cannon Cart,16.0,,,,4,,,
01095,Heal Spirit,50.0,Royal Hogs,88.0,Hunter,52.0,Cannon Cart,16.0,,,,4,,,
01110,Heal Spirit,50.0,Royal Hogs,88.0,Hunter,52.0,Cannon Cart,16.0,,,,4,,,
01125,Heal Spirit,50.0,Royal Hogs,88.0,Hunter,52.0,Cannon Cart,16.0,,,,5,,,
01140,Heal Spirit,50.0,Royal Hogs,88.0,Hunter,52.0,Cannon Cart,16.0,,,,5,,,
01155,Heal Spirit,50.0,Royal Hogs,88.0,Hunter,52.0,Cannon Cart,16.0,,,,5,,,
01170,Heal Spirit,50.0,Royal Hogs,88.0,Hunter,52.0,Cannon Cart,16.0,,,,5,,,
01185,Heal Spirit,50.0,Royal Hogs,88.0,Hunter,52.0,Cannon Cart,16.0,,,,5,,,
01200,Heal Spirit,50.0,Royal Hogs,88.0,Hunter,52.0,Cannon Cart,16.0,,,,6,,,
01215,Heal Spirit,50.0,Royal Hogs,88.0,Hunter,52.0,Cannon Cart,16.0,,,,6,,,
01230,Heal Spirit,50.0,The Log,98.0,Hunter,52.0,Cannon Cart,16.0,,,,1,,,
01245,Heal Spirit,50.0,The Log,98.0,Hunter,52.0,Cannon Cart,16.0,,,,1,,,
01260,Heal Spirit,50.0,The Log,98.0,Hunter,52.0,Cannon Cart,16.0,,,,1,,,
01275,Heal Spirit,50.0,The Log,98.0,Hunter,52.0,Cannon Cart,16.0,,,,1,,,
01290,Fisherman,32.0,The Log,98.0,Hunter,52.0,Cannon Cart,16.0,,,,1,,,
01305,Fisherman,32.0,The Log,98.0,Hunter,52.0,Cannon Cart,16.0,,,,1,,,
01320,Fisherman,32.0,The Log,98.0,Hunter,52.0,Cannon Cart,16.0,,,,1,,,
01335,Fisherman,32.0,The Log,98.0,Hunter,52.0,Cannon Cart,16.0,,,,1,,,
01350,Fisherman,32.0,The Log,98.0,Hunter,52.0,Cannon Cart,16.0,,,,1,,,
01365,Fisherman,32.0,The Log,98.0,Hunter,52.0,Cannon Cart,16.0,,,,2,,,
01380,Fisherman,32.0,The Log,98.0,Hunter,52.0,Cannon Cart,16.0,,,,2,,,
01395,Fisherman,32.0,The Log,98.0,Hunter,52.0,Cannon Cart,16.0,,,,2,,,
01410,Fisherman,32.0,The Log,98.0,Hunter,52.0,Cannon Cart,16.0,,,,2,,,
01425,Fisherman,32.0,The Log,98.0,Hunter,52.0,Cannon Cart,16.0,,,,2,,,
01440,Fisherman,32.0,The Log,98.0,Hunter,52.0,Cannon Cart,16.0,,,,2,,,
01455,Fisherman,32.0,The Log,98.0,Hunter,52.0,Cannon Cart,16.0,,,,3,,,
01470,Fisherman,32.0,The Log,98.0,Hunter,52.0,Cannon Cart,16.0,,,,3,,,
01485,Fisherman,32.0,The Log,98.0,Hunter,52.0,Cannon Cart,16.0,,,,3,,,
01500,Fisherman,32.0,The Log,98.0,Hunter,52.0,Cannon Cart,16.0,,,,3,,,
01515,Fisherman,32.0,The Log,98.0,Hunter,52.0,Cannon Cart,16.0,,,,3,,,
01530,Fisherman,32.0,The Log,98.0,Hunter,52.0,Cannon Cart,16.0,,,,4,,,
01545,Fisherman,32.0,The Log,98.0,Hunter,52.0,Cannon Cart,16.0,,,,4,,,
01560,Fisherman,32.0,The Log,98.0,Hunter,52.0,Cannon Cart,16.0,,,,4,,,
01575,Fisherman,32.0,The Log,98.0,Hunter,52.0,Cannon Cart,16.0,,,,4,,,
01590,Fisherman,32.0,The Log,98.0,Hunter,52.0,Cannon Cart,16.0,,,,4,,,
01605,Fisherman,32.0,The Log,98.0,Hunter,52.0,Cannon Cart,16.0,,,,4,,,
01620,Fisherman,32.0,The Log,98.0,Hunter,52.0,Cannon Cart,16.0,,,,5,,,
01635,Fisherman,32.0,The Log,98.0,Hunter,52.0,Cannon Cart,16.0,,,,5,,,
01650,Fisherman,32.0,The Log,98.0,Hunter,52.0,Cannon Cart,16.0,,,,5,,,
01665,Fisherman,32.0,The Log,98.0,Hunter,52.0,Cannon Cart,16.0,,,,5,,,
01680,Fisherman,32.0,The Log,98.0,Hunter,52.0,Cannon Cart,16.0,,,,5,,,
01695,Fisherman,32.0,The Log,98.0,Hunter,52.0,Cannon Cart,16.0,,,,5,,,
01710,Fisherman,32.0,The Log,98.0,Hunter,52.0,Cannon Cart,16.0,,,,6,,,
01725,Fisherman,32.0,The Log,98.0,Hunter,52.0,Cannon Cart,16.0,,,,6,,,
01740,Fisherman,32.0,The Log,98.0,Hunter,52.0,Cannon Cart,16.0,,,,6,,,
01755,Fisherman,32.0,The Log,98.0,Hunter,52.0,Cannon Cart,16.0,,,,6,,,
01770,Fisherman,32.0,The Log,98.0,Hunter,52.0,Cannon Cart,16.0,,,,6,,,
01785,Fisherman,32.0,The Log,98.0,Hunter,52.0,Cannon Cart,16.0,,,,7,,,
01800,Fisherman,32.0,The Log,98.0,Hunter,52.0,Cannon Cart,16.0,,,,7,,,
01815,Fisherman,32.0,The Log,98.0,Hunter,52.0,Cannon Cart,16.0,,,,7,,,
01830,Fisherman,32.0,The Log,98.0,Hunter,52.0,Cannon Cart,16.0,,,,7,,,
01845,Fisherman,32.0,The Log,98.0,Hunter,52.0,Cannon Cart,16.0,,,,7,,,
01860,Magic Archer,62.0,The Log,98.0,Hunter,52.0,Cannon Cart,16.0,,,,4,,,
01875,Magic Archer,62.0,The Log,98.0,Hunter,52.0,Cannon Cart,16.0,,,,5,,,
01890,Magic Archer,62.0,The Log,98.0,Hunter,52.0,Cannon Cart,16.0,,,,5,,,
01905,Magic Archer,62.0,The Log,98.0,Hunter,52.0,Cannon Cart,16.0,,,,5,,,
01920,Magic Archer,62.0,The Log,98.0,Hunter,52.0,Cannon Cart,16.0,,,,5,,,
01935,Magic Archer,62.0,The Log,98.0,Hunter,52.0,Cannon Cart,16.0,,,,5,,,
01950,Magic Archer,62.0,The Log,98.0,Hunter,52.0,Cannon Cart,16.0,,,,5,,,
01965,Magic Archer,62.0,The Log,98.0,Hunter,52.0,Cannon Cart,16.0,,,,6,,,
01980,Magic Archer,62.0,The Log,98.0,Hunter,52.0,Cannon Cart,16.0,,,,6,,,
01995,Magic Archer,62.0,The Log,98.0,Hunter,52.0,Cannon Cart,16.0,,,,6,,,
02010,Magic Archer,62.0,The Log,98.0,Hunter,52.0,Cannon Cart,16.0,,,,6,,,
02025,Magic Archer,62.0,The Log,98.0,Hunter,52.0,Cannon Cart,16.0,,,,6,,,
02040,Magic Archer,62.0,The Log,98.0,Hunter,52.0,Cannon Cart,16.0,,,,7,,,
02055,Magic Archer,62.0,The Log,98.0,Hunter,52.0,Cannon Cart,16.0,,,,7,,,
02070,Magic Archer,62.0,The Log,98.0,Hunter,52.0,Cannon Cart,16.0,,,,7,,,
02085,Magic Archer,62.0,The Log,98.0,Hunter,52.0,Cannon Cart,16.0,,,,7,,,
02100,Magic Archer,62.0,The Log,98.0,Hunter,52.0,Cannon Cart,16.0,,,,7,,,
02115,Magic Archer,62.0,The Log,98.0,Hunter,52.0,Cannon Cart,16.0,,,,7,,,
02130,Magic Archer,62.0,The Log,98.0,Cannon Cart,16.0,Royal Recruits,89.0,,,,3,,,
02145,Magic Archer,62.0,The Log,98.0,Hunter,52.0,Royal Recruits,89.0,,,,3,,,
02160,Magic Archer,62.0,The Log,98.0,Cannon Cart,16.0,Royal Recruits,89.0,,,,3,,,
02175,Magic Archer,62.0,The Log,98.0,Hunter,52.0,Royal Recruits,89.0,,,,3,,,
02190,Magic Archer,62.0,The Log,98.0,Hunter,52.0,Royal Recruits,89.0,,,,3,,,
02205,Magic Archer,62.0,The Log,98.0,Hunter,52.0,Royal Recruits,89.0,,,,4,,,
02220,Magic Archer,62.0,The Log,98.0,Hunter,52.0,Royal Recruits,89.0,,,,4,,,
02235,Magic Archer,62.0,The Log,98.0,Hunter,52.0,Royal Recruits,89.0,,,,4,,,
02250,Magic Archer,62.0,The Log,98.0,Hunter,52.0,Royal Recruits,89.0,,,,4,,,
02265,Magic Archer,62.0,The Log,98.0,Hunter,52.0,Royal Recruits,89.0,,,,4,,,
02280,Magic Archer,62.0,The Log,98.0,Hunter,52.0,Royal Recruits,89.0,,,,4,,,
02295,Magic Archer,62.0,The Log,98.0,Hunter,52.0,Royal Recruits,89.0,,,,5,,,
02310,Magic Archer,62.0,The Log,98.0,Hunter,52.0,Royal Recruits,89.0,,,,5,,,
02325,Magic Archer,62.0,The Log,98.0,Hunter,52.0,Royal Recruits,89.0,,,,5,,,
02340,Magic Archer,62.0,The Log,98.0,Hunter,52.0,Royal Recruits,89.0,,,,5,,,
02355,Magic Archer,62.0,The Log,98.0,Hunter,52.0,Royal Recruits,89.0,,,,5,,,
02370,Magic Archer,62.0,The Log,98.0,Hunter,52.0,Royal Recruits,89.0,,,,5,,,
02385,Magic Archer,62.0,The Log,98.0,Hunter,52.0,Royal Recruits,89.0,,,,6,,,
02400,Magic Archer,62.0,The Log,98.0,Hunter,52.0,Royal Recruits,89.0,,,,6,,,
02415,Magic Archer,62.0,The Log,98.0,Hunter,52.0,Royal Recruits,89.0,,,,6,,,
02430,Magic Archer,62.0,The Log,98.0,Hunter,52.0,Royal Recruits,89.0,,,,6,,,
02445,Magic Archer,62.0,The Log,98.0,Hunter,52.0,Royal Recruits,89.0,,,,6,,,
02460,Magic Archer,62.0,The Log,98.0,Hunter,52.0,Royal Recruits,89.0,,,,7,,,
02475,Magic Archer,62.0,The Log,98.0,Hunter,52.0,Royal Recruits,89.0,,,,7,,,
02490,Magic Archer,62.0,The Log,98.0,Hunter,52.0,Royal Recruits,89.0,,,,7,,,
02505,Magic Archer,62.0,The Log,98.0,Hunter,52.0,Royal Recruits,89.0,,,,7,,,
02520,Magic Archer,62.0,The Log,98.0,Hunter,52.0,Royal Recruits,89.0,,,,7,,,
02535,Magic Archer,62.0,The Log,98.0,Hunter,52.0,Royal Recruits,89.0,,,,7,,,
02550,Magic Archer,62.0,The Log,98.0,Hunter,52.0,Royal Recruits,89.0,,,,8,,,
02565,Magic Archer,62.0,The Log,98.0,Hunter,52.0,Royal Recruits,89.0,,,,8,,,
02580,Magic Archer,62.0,The Log,98.0,Hunter,52.0,Royal Recruits,89.0,,,,8,,,
02595,Magic Archer,62.0,The Log,98.0,Hunter,52.0,Royal Hogs,88.0,,,,1,,,
02610,Magic Archer,62.0,The Log,98.0,Hunter,52.0,Royal Hogs,88.0,,,,1,,,
02625,Magic Archer,62.0,The Log,98.0,Hunter,52.0,Royal Hogs,88.0,,,,2,,,
02640,Magic Archer,62.0,The Log,98.0,Hunter,52.0,Royal Hogs,88.0,,,,2,,,
02655,Magic Archer,62.0,The Log,98.0,Hunter,52.0,Royal Hogs,88.0,,,,2,,,
02670,Magic Archer,62.0,The Log,98.0,Hunter,52.0,Royal Hogs,88.0,,,,2,,,
02685,Magic Archer,62.0,The Log,98.0,Hunter,52.0,Royal Hogs,88.0,,,,2,,,
02700,Magic Archer,62.0,The Log,98.0,Hunter,52.0,Royal Hogs,88.0,,,,2,,,
02715,Magic Archer,62.0,The Log,98.0,Hunter,52.0,Royal Hogs,88.0,,,,3,,,
02730,Magic Archer,62.0,The Log,98.0,Hunter,52.0,Royal Hogs,88.0,,,,3,,,
02745,Magic Archer,62.0,The Log,98.0,Hunter,52.0,Royal Hogs,88.0,,,,3,,,
02760,Magic Archer,62.0,The Log,98.0,Hunter,52.0,Royal Hogs,88.0,,,,3,,,
02775,Magic Archer,62.0,The Log,98.0,Hunter,52.0,Royal Hogs,88.0,,,,3,,,
02790,Magic Archer,62.0,The Log,98.0,Hunter,52.0,Royal Hogs,88.0,,,,3,,,
02805,Magic Archer,62.0,The Log,98.0,Hunter,52.0,Royal Hogs,88.0,,,,4,,,
02820,Magic Archer,62.0,The Log,98.0,Hunter,52.0,Royal Hogs,88.0,,,,4,,,
02835,Magic Archer,62.0,The Log,98.0,Hunter,52.0,Royal Hogs,88.0,,,,4,,,
02850,Magic Archer,62.0,The Log,98.0,Hunter,52.0,Royal Hogs,88.0,,,,4,,,
02865,Magic Archer,62.0,The Log,98.0,Hunter,52.0,Royal Hogs,88.0,,,,4,,,
02880,Magic Archer,62.0,The Log,98.0,Hunter,52.0,Royal Hogs,88.0,,,,5,,,
02895,Magic Archer,62.0,The Log,98.0,Hunter,52.0,Royal Hogs,88.0,,,,5,,,
02910,Magic Archer,62.0,The Log,98.0,Hunter,52.0,Royal Hogs,88.0,,,,5,,,
02925,Magic Archer,62.0,The Log,98.0,Hunter,52.0,Royal Hogs,88.0,,,,5,,,
02940,Magic Archer,62.0,The Log,98.0,Hunter,52.0,Royal Hogs,88.0,,,,5,,,
02955,Magic Archer,62.0,The Log,98.0,Hunter,52.0,Royal Hogs,88.0,,,,5,,,
02970,Magic Archer,62.0,The Log,98.0,Hunter,52.0,Royal Hogs,88.0,,,,6,,,
02985,Magic Archer,62.0,The Log,98.0,Hunter,52.0,Royal Hogs,88.0,,,,6,,,
03000,Magic Archer,62.0,The Log,98.0,Hunter,52.0,Royal Hogs,88.0,,,,6,,,
03015,Magic Archer,62.0,The Log,98.0,Hunter,52.0,Royal Hogs,88.0,,,,6,,,
03030,Heal Spirit,50.0,The Log,98.0,Cannon Cart,16.0,Royal Hogs,88.0,,,,2,,,
03045,Heal Spirit,50.0,The Log,98.0,Hunter,52.0,Royal Hogs,88.0,,,,3,,,
03060,Heal Spirit,50.0,The Log,98.0,Hunter,52.0,Royal Hogs,88.0,,,,3,,,
03075,Heal Spirit,50.0,The Log,98.0,Hunter,52.0,Royal Hogs,88.0,,,,3,,,
03090,Heal Spirit,50.0,The Log,98.0,Hunter,52.0,Royal Hogs,88.0,,,,3,,,
03105,Heal Spirit,50.0,The Log,98.0,Hunter,52.0,Royal Hogs,88.0,,,,3,,,
03120,Heal Spirit,50.0,The Log,98.0,Hunter,52.0,Royal Hogs,88.0,,,,3,,,
03135,Heal Spirit,50.0,The Log,98.0,Hunter,52.0,Royal Hogs,88.0,,,,4,,,
03150,Heal Spirit,50.0,The Log,98.0,Hunter,52.0,Royal Hogs,88.0,,,,4,,,
03165,Heal Spirit,50.0,The Log,98.0,Hunter,52.0,Royal Hogs,88.0,,,,4,,,
03180,Heal Spirit,50.0,The Log,98.0,Hunter,52.0,Royal Hogs,88.0,,,,4,,,
03195,Heal Spirit,50.0,The Log,98.0,Hunter,52.0,Royal Hogs,88.0,,,,4,,,
03210,Heal Spirit,50.0,The Log,98.0,Hunter,52.0,Royal Hogs,88.0,,,,4,,,
03225,Heal Spirit,50.0,The Log,98.0,Hunter,52.0,Royal Hogs,88.0,,,,5,,,
03240,Heal Spirit,50.0,The Log,98.0,Hunter,52.0,Royal Hogs,88.0,,,,5,,,
03255,Heal Spirit,50.0,The Log,98.0,Hunter,52.0,Fisherman,32.0,,,,0,,,
03270,Heal Spirit,50.0,The Log,98.0,Hunter,52.0,Fisherman,32.0,,,,0,,,
03285,Heal Spirit,50.0,The Log,98.0,Hunter,52.0,Fisherman,32.0,,,,0,,,
03300,Heal Spirit,50.0,The Log,98.0,Hunter,52.0,Fisherman,32.0,,,,1,,,
03315,Heal Spirit,50.0,The Log,98.0,Hunter,52.0,Fisherman,32.0,,,,1,,,
03330,Cannon Cart,16.0,The Log,98.0,Hunter,52.0,Fisherman,32.0,,,,0,,,
03345,Cannon Cart,16.0,The Log,98.0,Hunter,52.0,Fisherman,32.0,,,,0,,,
03360,Cannon Cart,16.0,The Log,98.0,Hunter,52.0,Fisherman,32.0,,,,0,,,
03375,Cannon Cart,16.0,The Log,98.0,Hunter,52.0,Fisherman,32.0,,,,0,,,
03390,Cannon Cart,16.0,The Log,98.0,Hunter,52.0,Fisherman,32.0,,,,1,,,
03405,Cannon Cart,16.0,The Log,98.0,Hunter,52.0,Fisherman,32.0,,,,1,,,
03420,Cannon Cart,16.0,The Log,98.0,Hunter,52.0,Fisherman,32.0,,,,1,,,
03435,Cannon Cart,16.0,The Log,98.0,Hunter,52.0,Fisherman,32.0,,,,1,,,
03450,Cannon Cart,16.0,The Log,98.0,Hunter,52.0,Fisherman,32.0,,,,1,,,
03465,Cannon Cart,16.0,The Log,98.0,Hunter,52.0,Fisherman,32.0,,,,2,,,
03480,Cannon Cart,16.0,The Log,98.0,Hunter,52.0,Fisherman,32.0,,,,2,,,
03495,Cannon Cart,16.0,The Log,98.0,Hunter,52.0,Fisherman,32.0,,,,2,,,
03510,Cannon Cart,16.0,The Log,98.0,Hunter,52.0,Fisherman,32.0,,,,2,,,
03525,Cannon Cart,16.0,The Log,98.0,Hunter,52.0,Fisherman,32.0,,,,2,,,
03540,Cannon Cart,16.0,The Log,98.0,Hunter,52.0,Fisherman,32.0,,,,2,,,
03555,Cannon Cart,16.0,The Log,98.0,Hunter,52.0,Fisherman,32.0,,,,3,,,
03570,Cannon Cart,16.0,The Log,98.0,Hunter,52.0,Fisherman,32.0,,,,3,,,
03585,Cannon Cart,16.0,The Log,98.0,Hunter,52.0,Fisherman,32.0,,,,3,,,
03600,Cannon Cart,16.0,The Log,98.0,Hunter,52.0,Fisherman,32.0,,,,3,,,
03615,Cannon Cart,16.0,The Log,98.0,Hunter,52.0,Fisherman,32.0,,,,3,,,
03630,Cannon Cart,16.0,The Log,98.0,Hunter,52.0,Fisherman,32.0,,,,3,,,
03645,Cannon Cart,16.0,The Log,98.0,Hunter,52.0,Fisherman,32.0,,,,4,,,
03660,Cannon Cart,16.0,The Log,98.0,Hunter,52.0,Fisherman,32.0,,,,4,,,
03675,Cannon Cart,16.0,The Log,98.0,Hunter,52.0,Fisherman,32.0,,,,4,,,
03690,Cannon Cart,16.0,The Log,98.0,Hunter,52.0,Fisherman,32.0,,,,4,,,
03705,Cannon Cart,16.0,The Log,98.0,Hunter,52.0,Fisherman,32.0,,,,4,,,
03720,Cannon Cart,16.0,Royal Recruits,89.0,Mega Knight,63.0,Fisherman,32.0,,,,3,,,
03735,Cannon Cart,16.0,Royal Recruits,89.0,Mega Knight,63.0,Fisherman,32.0,,,,3,,,
03750,Cannon Cart,16.0,Royal Recruits,89.0,Mega Knight,63.0,Fisherman,32.0,,,,3,,,
03765,Cannon Cart,16.0,Royal Recruits,89.0,Hunter,52.0,Fisherman,32.0,,,,3,,,
03780,Cannon Cart,16.0,Royal Recruits,89.0,Hunter,52.0,Fisherman,32.0,,,,3,,,
03795,Cannon Cart,16.0,Royal Recruits,89.0,Hunter,52.0,Fisherman,32.0,,,,4,,,
03810,Cannon Cart,16.0,Royal Recruits,89.0,Hunter,52.0,Fisherman,32.0,,,,5,,,
03825,Cannon Cart,16.0,Royal Recruits,89.0,Hunter,52.0,Fisherman,32.0,,,,5,,,
03840,Cannon Cart,16.0,Royal Recruits,89.0,Hunter,52.0,Fisherman,32.0,,,,5,,,
03855,Cannon Cart,16.0,Royal Recruits,89.0,Hunter,52.0,Fisherman,32.0,,,,6,,,
03870,Cannon Cart,16.0,Royal Recruits,89.0,Hunter,52.0,Fisherman,32.0,,,,6,,,
03885,Cannon Cart,16.0,Royal Recruits,89.0,Hunter,52.0,Fisherman,32.0,,,,7,,,
03900,Cannon Cart,16.0,Royal Recruits,89.0,Hunter,52.0,Fisherman,32.0,,,,7,,,
03915,Cannon Cart,16.0,Royal Recruits,89.0,Hunter,52.0,Fisherman,32.0,,,,7,,,
03930,Cannon Cart,16.0,Royal Recruits,89.0,Hunter,52.0,Fisherman,32.0,,,,8,,,
03945,Cannon Cart,16.0,Royal Recruits,89.0,Hunter,52.0,Fisherman,32.0,,,,8,,,
03960,Cannon Cart,16.0,Royal Recruits,89.0,Hunter,52.0,Fisherman,32.0,,,,8,,,
03975,Cannon Cart,16.0,Royal Recruits,89.0,Hunter,52.0,Fisherman,32.0,,,,9,,,
03990,Cannon Cart,16.0,Royal Recruits,89.0,Hunter,52.0,Fisherman,32.0,,,,9,,,
04005,Cannon Cart,16.0,Royal Recruits,89.0,Hunter,52.0,Fisherman,32.0,,,,9,,,
04020,Cannon Cart,16.0,Magic Archer,62.0,Hunter,52.0,Fisherman,32.0,,,,3,,,
04035,Cannon Cart,16.0,Magic Archer,62.0,Hunter,52.0,Fisherman,32.0,,,,3,,,
04050,Cannon Cart,16.0,Magic Archer,62.0,Hunter,52.0,Fisherman,32.0,,,,3,,,
04065,Cannon Cart,16.0,Magic Archer,62.0,Hunter,52.0,Fisherman,32.0,,,,4,,,
04080,Cannon Cart,16.0,Magic Archer,62.0,Hunter,52.0,Fisherman,32.0,,,,4,,,
04095,Cannon Cart,16.0,Magic Archer,62.0,Hunter,52.0,Fisherman,32.0,,,,5,,,
04110,Cannon Cart,16.0,Magic Archer,62.0,Hunter,52.0,Fisherman,32.0,,,,5,,,
04125,Cannon Cart,16.0,Magic Archer,62.0,Hunter,52.0,Fisherman,32.0,,,,5,,,
04140,Cannon Cart,16.0,Magic Archer,62.0,Hunter,52.0,Fisherman,32.0,,,,6,,,
04155,Cannon Cart,16.0,Magic Archer,62.0,Hunter,52.0,Fisherman,32.0,,,,6,,,
04170,Cannon Cart,16.0,Magic Archer,62.0,Hunter,52.0,Skeleton Barrel,91.0,,,,3,,,
04185,Cannon Cart,16.0,Magic Archer,62.0,Hunter,52.0,Royal Hogs,88.0,,,,4,,,
04200,Cannon Cart,16.0,Magic Archer,62.0,Hunter,52.0,Royal Hogs,88.0,,,,4,,,
04215,Cannon Cart,16.0,Magic Archer,62.0,Hunter,52.0,Royal Hogs,88.0,,,,4,,,
04230,Cannon Cart,16.0,Magic Archer,62.0,Hunter,52.0,Royal Hogs,88.0,,,,5,,,
04245,Cannon Cart,16.0,Magic Archer,62.0,Hunter,52.0,Royal Hogs,88.0,,,,5,,,
04260,Cannon Cart,16.0,Magic Archer,62.0,Hunter,52.0,Royal Hogs,88.0,,,,5,,,
04275,Cannon Cart,16.0,Magic Archer,62.0,Hunter,52.0,Royal Hogs,88.0,,,,6,,,
04290,Cannon Cart,16.0,Magic Archer,62.0,Hunter,52.0,Royal Hogs,88.0,,,,6,,,
04305,Cannon Cart,16.0,Magic Archer,62.0,Hunter,52.0,Royal Hogs,88.0,,,,7,,,
04320,Cannon Cart,16.0,Magic Archer,62.0,Hunter,52.0,Royal Hogs,88.0,,,,7,,,
04335,Cannon Cart,16.0,Magic Archer,62.0,Hunter,52.0,Royal Hogs,88.0,,,,7,,,
04350,Cannon Cart,16.0,Magic Archer,62.0,Hunter,52.0,Royal Hogs,88.0,,,,8,,,
04365,Cannon Cart,16.0,Magic Archer,62.0,Hunter,52.0,Royal Hogs,88.0,,,,8,,,
04380,Cannon Cart,16.0,Magic Archer,62.0,Hunter,52.0,Royal Hogs,88.0,,,,8,,,
04395,Cannon Cart,16.0,Heal Spirit,50.0,Hunter,52.0,Royal Hogs,88.0,,,,5,,,
04410,Cannon Cart,16.0,Heal Spirit,50.0,Hunter,52.0,Royal Hogs,88.0,,,,5,,,
04425,Cannon Cart,16.0,Heal Spirit,50.0,Hunter,52.0,Royal Hogs,88.0,,,,5,,,
04440,Cannon Cart,16.0,Heal Spirit,50.0,Hunter,52.0,Royal Hogs,88.0,,,,6,,,
04455,Cannon Cart,16.0,Heal Spirit,50.0,Hunter,52.0,The Log,98.0,,,,1,,,
04470,Cannon Cart,16.0,Heal Spirit,50.0,Hunter,52.0,The Log,98.0,,,,1,,,
04485,Cannon Cart,16.0,Royal Recruits,89.0,Hunter,52.0,The Log,98.0,,,,1,,,
04500,Cannon Cart,16.0,Royal Recruits,89.0,Hunter,52.0,The Log,98.0,,,,1,,,
04515,Cannon Cart,16.0,Royal Recruits,89.0,Hunter,52.0,The Log,98.0,,,,1,,,
04530,Cannon Cart,16.0,Royal Recruits,89.0,Hunter,52.0,The Log,98.0,,,,2,,,
04545,Cannon Cart,16.0,Royal Recruits,89.0,Hunter,52.0,The Log,98.0,,,,2,,,
04560,Cannon Cart,16.0,Royal Recruits,89.0,Hunter,52.0,The Log,98.0,,,,3,,,
04575,Cannon Cart,16.0,Royal Recruits,89.0,Hunter,52.0,The Log,98.0,,,,3,,,
04590,Cannon Cart,16.0,Royal Recruits,89.0,Hunter,52.0,The Log,98.0,,,,3,,,
04605,Cannon Cart,16.0,Royal Recruits,89.0,Hunter,52.0,The Log,98.0,,,,4,,,
04620,Cannon Cart,16.0,Royal Recruits,89.0,Hunter,52.0,The Log,98.0,,,,4,,,
04635,Cannon Cart,16.0,Royal Recruits,89.0,Hunter,52.0,The Log,98.0,,,,4,,,
04650,Cannon Cart,16.0,Royal Recruits,89.0,Hunter,52.0,The Log,98.0,,,,5,,,
04665,Cannon Cart,16.0,Royal Recruits,89.0,Hunter,52.0,The Log,98.0,,,,5,,,
04680,Cannon Cart,16.0,Royal Recruits,89.0,Hunter,52.0,The Log,98.0,,,,5,,,
04695,Fisherman,32.0,Royal Recruits,89.0,Hunter,52.0,Rocket,84.0,,,,1,,,
04710,Fisherman,32.0,Royal Recruits,89.0,Hunter,52.0,The Log,98.0,,,,1,,,
04725,Fisherman,32.0,Royal Recruits,89.0,Hunter,52.0,The Log,98.0,,,,1,,,
04740,Fisherman,32.0,Royal Recruits,89.0,Hunter,52.0,The Log,98.0,,,,2,,,
04755,Fisherman,32.0,Royal Recruits,89.0,Hunter,52.0,The Log,98.0,,,,2,,,
04770,Fisherman,32.0,Royal Recruits,89.0,Hunter,52.0,The Log,98.0,,,,3,,,
04785,Fisherman,32.0,Royal Recruits,89.0,Hunter,52.0,The Log,98.0,,,,3,,,
04800,Magic Archer,62.0,Royal Recruits,89.0,Hunter,52.0,The Log,98.0,,,,0,,,
04815,Magic Archer,62.0,Royal Recruits,89.0,Hunter,52.0,The Log,98.0,,,,1,,,
04830,Magic Archer,62.0,Royal Recruits,89.0,Hunter,52.0,The Log,98.0,,,,1,,,
04845,Magic Archer,62.0,Royal Recruits,89.0,Hunter,52.0,The Log,98.0,,,,1,,,
04860,Magic Archer,62.0,Royal Recruits,89.0,Hunter,52.0,The Log,98.0,,,,2,,,
04875,Magic Archer,62.0,Royal Recruits,89.0,Hunter,52.0,The Log,98.0,,,,2,,,
04890,Magic Archer,62.0,Royal Recruits,89.0,Hunter,52.0,Royal Hogs,88.0,,,,0,,,
04905,Magic Archer,62.0,Royal Recruits,89.0,Hunter,52.0,Royal Hogs,88.0,,,,1,,,
04920,Magic Archer,62.0,Royal Recruits,89.0,Hunter,52.0,Royal Hogs,88.0,,,,1,,,
04935,Magic Archer,62.0,Royal Recruits,89.0,Hunter,52.0,Royal Hogs,88.0,,,,2,,,
04950,Magic Archer,62.0,Royal Recruits,89.0,Hunter,52.0,Royal Hogs,88.0,,,,2,,,
04965,Magic Archer,62.0,Royal Recruits,89.0,Hunter,52.0,Royal Hogs,88.0,,,,2,,,
04980,Magic Archer,62.0,Royal Recruits,89.0,Hunter,52.0,Royal Hogs,88.0,,,,3,,,
04995,Magic Archer,62.0,Royal Recruits,89.0,Hunter,52.0,Royal Hogs,88.0,,,,3,,,
05010,Magic Archer,62.0,Royal Recruits,89.0,Hunter,52.0,Royal Hogs,88.0,,,,3,,,
05025,Magic Archer,62.0,Royal Recruits,89.0,Hunter,52.0,Royal Hogs,88.0,,,,4,,,
05040,Magic Archer,62.0,Royal Recruits,89.0,Hunter,52.0,Royal Hogs,88.0,,,,4,,,
05055,Magic Archer,62.0,Royal Recruits,89.0,Hunter,52.0,Royal Hogs,88.0,,,,4,,,
05070,Magic Archer,62.0,Royal Recruits,89.0,Hunter,52.0,Royal Hogs,88.0,,,,5,,,
05085,Magic Archer,62.0,Royal Recruits,89.0,Hunter,52.0,Royal Hogs,88.0,,,,5,,,
05100,Magic Archer,62.0,Royal Recruits,89.0,Hunter,52.0,Royal Hogs,88.0,,,,5,,,
05115,Magic Archer,62.0,Royal Recruits,89.0,Hunter,52.0,Royal Hogs,88.0,,,,6,,,
05130,Magic Archer,62.0,Royal Recruits,89.0,Hunter,52.0,Royal Hogs,88.0,,,,6,,,
05145,Magic Archer,62.0,Royal Recruits,89.0,Hunter,52.0,Royal Hogs,88.0,,,,6,,,
05160,Magic Archer,62.0,Royal Recruits,89.0,Hunter,52.0,Royal Hogs,88.0,,,,7,,,
05175,Magic Archer,62.0,Royal Recruits,89.0,Hunter,52.0,Royal Hogs,88.0,,,,7,,,
05190,Magic Archer,62.0,Royal Recruits,89.0,Hunter,52.0,Royal Hogs,88.0,,,,8,,,
05205,Magic Archer,62.0,Royal Recruits,89.0,Hunter,52.0,Royal Hogs,88.0,,,,8,,,
05220,Magic Archer,62.0,Royal Recruits,89.0,Hunter,52.0,Royal Hogs,88.0,,,,8,,,
05235,Magic Archer,62.0,Heal Spirit,50.0,Cannon Cart,16.0,Royal Hogs,88.0,,,,2,,,
05250,Magic Archer,62.0,Heal Spirit,50.0,Cannon Cart,16.0,Royal Hogs,88.0,,,,2,,,
05265,Magic Archer,62.0,Heal Spirit,50.0,Cannon Cart,16.0,Royal Hogs,88.0,,,,2,,,
05280,Magic Archer,62.0,Heal Spirit,50.0,Hunter,52.0,Royal Hogs,88.0,,,,3,,,
05295,Magic Archer,62.0,Heal Spirit,50.0,Hunter,52.0,Royal Hogs,88.0,,,,3,,,
05310,Magic Archer,62.0,Heal Spirit,50.0,Hunter,52.0,Royal Hogs,88.0,,,,3,,,
05325,Magic Archer,62.0,Heal Spirit,50.0,Hunter,52.0,Royal Hogs,88.0,,,,4,,,
05340,Magic Archer,62.0,Heal Spirit,50.0,Hunter,52.0,Royal Hogs,88.0,,,,4,,,
05355,Magic Archer,62.0,Heal Spirit,50.0,Hunter,52.0,Royal Hogs,88.0,,,,5,,,
05370,Magic Archer,62.0,Heal Spirit,50.0,Hunter,52.0,Royal Hogs,88.0,,,,5,,,
05385,Magic Archer,62.0,Heal Spirit,50.0,Hunter,52.0,Royal Hogs,88.0,,,,5,,,
05400,Magic Archer,62.0,Heal Spirit,50.0,Hunter,52.0,Royal Hogs,88.0,,,,6,,,
05415,Magic Archer,62.0,Heal Spirit,50.0,Hunter,52.0,Royal Hogs,88.0,,,,6,,,
05430,Magic Archer,62.0,Heal Spirit,50.0,Hunter,52.0,Royal Hogs,88.0,,,,6,,,
05445,Magic Archer,62.0,Heal Spirit,50.0,Hunter,52.0,Royal Hogs,88.0,,,,7,,,
05460,Magic Archer,62.0,Heal Spirit,50.0,Hunter,52.0,Royal Hogs,88.0,,,,7,,,
05475,Magic Archer,62.0,Heal Spirit,50.0,Hunter,52.0,Royal Hogs,88.0,,,,7,,,
05490,Magic Archer,62.0,Heal Spirit,50.0,Hunter,52.0,Royal Hogs,88.0,,,,8,,,
05505,Magic Archer,62.0,Heal Spirit,50.0,Hunter,52.0,Royal Hogs,88.0,,,,8,,,
05520,Magic Archer,62.0,Heal Spirit,50.0,Hunter,52.0,Royal Hogs,88.0,,,,8,,,
05535,Magic Archer,62.0,Heal Spirit,50.0,Hunter,52.0,Royal Hogs,88.0,,,,9,,,
05550,Cannon Cart,16.0,Heal Spirit,50.0,Hunter,52.0,Royal Hogs,88.0,,,,5,,,
05565,Cannon Cart,16.0,Heal Spirit,50.0,Hunter,52.0,Royal Hogs,88.0,,,,5,,,
05580,Cannon Cart,16.0,Heal Spirit,50.0,Hunter,52.0,Royal Hogs,88.0,,,,6,,,
05595,Cannon Cart,16.0,Heal Spirit,50.0,Hunter,52.0,Royal Hogs,88.0,,,,6,,,
05610,Cannon Cart,16.0,Heal Spirit,50.0,Hunter,52.0,Royal Hogs,88.0,,,,7,,,
05625,Cannon Cart,16.0,Heal Spirit,50.0,Hunter,52.0,Royal Hogs,88.0,,,,7,,,
05640,Cannon Cart,16.0,Heal Spirit,50.0,Hunter,52.0,Royal Hogs,88.0,,,,7,,,
05655,Cannon Cart,16.0,Heal Spirit,50.0,Hunter,52.0,Fisherman,32.0,,,,3,,,
05670,Cannon Cart,16.0,Heal Spirit,50.0,Hunter,52.0,Fisherman,32.0,,,,3,,,
05685,Cannon Cart,16.0,Heal Spirit,50.0,Hunter,52.0,Fisherman,32.0,,,,3,,,
05700,Cannon Cart,16.0,Heal Spirit,50.0,Hunter,52.0,Fisherman,32.0,,,,4,,,
05715,Cannon Cart,16.0,Heal Spirit,50.0,Hunter,52.0,Fisherman,32.0,,,,4,,,
05730,Cannon Cart,16.0,Heal Spirit,50.0,Hunter,52.0,Fisherman,32.0,,,,4,,,
05745,Cannon Cart,16.0,Heal Spirit,50.0,Hunter,52.0,Fisherman,32.0,,,,5,,,
05760,Cannon Cart,16.0,Heal Spirit,50.0,Hunter,52.0,Fisherman,32.0,,,,5,,,
05775,The Log,98.0,Heal Spirit,50.0,Hunter,52.0,Fisherman,32.0,,,,0,,,
05790,The Log,98.0,Heal Spirit,50.0,Hunter,52.0,Fisherman,32.0,,,,1,,,
05805,The Log,98.0,Heal Spirit,50.0,Hunter,52.0,Fisherman,32.0,,,,1,,,
05820,The Log,98.0,Royal Recruits,89.0,Hunter,52.0,Fisherman,32.0,,,,1,,,
05835,The Log,98.0,Royal Recruits,89.0,Hunter,52.0,Fisherman,32.0,,,,1,,,
05850,The Log,98.0,Royal Recruits,89.0,Hunter,52.0,Fisherman,32.0,,,,1,,,
05865,The Log,98.0,Royal Recruits,89.0,Hunter,52.0,Fisherman,32.0,,,,2,,,
05880,The Log,98.0,Royal Recruits,89.0,Hunter,52.0,Fisherman,32.0,,,,2,,,
05895,The Log,98.0,Royal Recruits,89.0,Hunter,52.0,Fisherman,32.0,,,,2,,,
05910,The Log,98.0,Royal Recruits,89.0,Hunter,52.0,Fisherman,32.0,,,,3,,,
05925,The Log,98.0,Royal Recruits,89.0,Hunter,52.0,Fisherman,32.0,,,,3,,,
05940,The Log,98.0,Royal Recruits,89.0,Hunter,52.0,Fisherman,32.0,,,,3,,,
05955,The Log,98.0,Royal Recruits,89.0,Hunter,52.0,Fisherman,32.0,,,,4,,,
05970,The Log,98.0,Royal Recruits,89.0,Hunter,52.0,Fisherman,32.0,,,,4,,,
05985,The Log,98.0,Royal Recruits,89.0,Hunter,52.0,Fisherman,32.0,,,,4,,,
06000,The Log,98.0,Royal Recruits,89.0,Hunter,52.0,Fisherman,32.0,,,,5,,,
06015,The Log,98.0,Royal Recruits,89.0,Hunter,52.0,Fisherman,32.0,,,,5,,,
06030,The Log,98.0,Royal Recruits,89.0,Hunter,52.0,Fisherman,32.0,,,,6,,,
06045,The Log,98.0,Royal Recruits,89.0,Hunter,52.0,Fisherman,32.0,,,,6,,,
06060,The Log,98.0,Royal Recruits,89.0,Hunter,52.0,Fisherman,32.0,,,,6,,,
06075,The Log,98.0,Royal Recruits,89.0,Hunter,52.0,Fisherman,32.0,,,,7,,,
06090,The Log,98.0,Royal Recruits,89.0,Hunter,52.0,Fisherman,32.0,,,,7,,,
06105,The Log,98.0,Royal Recruits,89.0,Hunter,52.0,Fisherman,32.0,,,,7,,,
06120,The Log,98.0,Royal Recruits,89.0,Hunter,52.0,Fisherman,32.0,,,,8,,,
06135,The Log,98.0,Miner,66.0,Hunter,52.0,Magic Archer,62.0,,,,5,,,
06150,The Log,98.0,Royal Recruits,89.0,Hunter,52.0,Magic Archer,62.0,,,,5,,,
06165,The Log,98.0,Royal Recruits,89.0,Hunter,52.0,Magic Archer,62.0,,,,6,,,
06180,The Log,98.0,Royal Recruits,89.0,Hunter,52.0,Magic Archer,62.0,,,,6,,,
06195,The Log,98.0,Tornado,101.0,Hunter,52.0,Magic Archer,62.0,,,,6,,,
06210,The Log,98.0,Royal Recruits,89.0,Hunter,52.0,Magic Archer,62.0,,,,7,,,
06225,The Log,98.0,Royal Recruits,89.0,Hunter,52.0,Magic Archer,62.0,,,,7,,,
06240,The Log,98.0,Royal Recruits,89.0,Hunter,52.0,Magic Archer,62.0,,,,8,,,
06255,The Log,98.0,Royal Recruits,89.0,Hunter,52.0,Magic Archer,62.0,,,,8,,,
06270,The Log,98.0,Royal Recruits,89.0,Hunter,52.0,Magic Archer,62.0,,,,8,,,
06285,The Log,98.0,Royal Recruits,89.0,Hunter,52.0,Royal Hogs,88.0,,,,5,,,
06300,The Log,98.0,Royal Recruits,89.0,Hunter,52.0,Royal Hogs,88.0,,,,5,,,
06315,The Log,98.0,Royal Recruits,89.0,Hunter,52.0,Royal Hogs,88.0,,,,5,,,
06330,The Log,98.0,Royal Recruits,89.0,Hunter,52.0,Royal Hogs,88.0,,,,6,,,
06345,The Log,98.0,Royal Recruits,89.0,Hunter,52.0,Royal Hogs,88.0,,,,6,,,
06360,The Log,98.0,Royal Recruits,89.0,Hunter,52.0,Royal Hogs,88.0,,,,6,,,
06375,The Log,98.0,Royal Recruits,89.0,Hunter,52.0,Royal Hogs,88.0,,,,7,,,
06390,The Log,98.0,Royal Recruits,89.0,Hunter,52.0,Royal Hogs,88.0,,,,7,,,
06405,The Log,98.0,Cannon Cart,16.0,Hunter,52.0,Royal Hogs,88.0,,,,7,,,
06420,The Log,98.0,Cannon Cart,16.0,Hunter,52.0,Royal Hogs,88.0,,,,1,,,
06435,The Log,98.0,Cannon Cart,16.0,Hunter,52.0,Royal Hogs,88.0,,,,1,,,
06450,The Log,98.0,Cannon Cart,16.0,Hunter,52.0,Royal Hogs,88.0,,,,2,,,
06465,The Log,98.0,Cannon Cart,16.0,Hunter,52.0,Royal Hogs,88.0,,,,2,,,
06480,The Log,98.0,Cannon Cart,16.0,Hunter,52.0,Royal Hogs,88.0,,,,2,,,
06495,The Log,98.0,Cannon Cart,16.0,Hunter,52.0,Royal Hogs,88.0,,,,3,,,
06510,The Log,98.0,Cannon Cart,16.0,Hunter,52.0,Royal Hogs,88.0,,,,3,,,
06525,The Log,98.0,Cannon Cart,16.0,Hunter,52.0,Royal Hogs,88.0,,,,3,,,
06540,The Log,98.0,Cannon Cart,16.0,Hunter,52.0,Royal Hogs,88.0,,,,4,,,
06555,The Log,98.0,Cannon Cart,16.0,Hunter,52.0,Royal Hogs,88.0,,,,4,,,
06570,The Log,98.0,Cannon Cart,16.0,Hunter,52.0,Royal Hogs,88.0,,,,4,,,
06585,The Log,98.0,Cannon Cart,16.0,Hunter,52.0,Royal Hogs,88.0,,,,5,,,
06600,The Log,98.0,Cannon Cart,16.0,Hunter,52.0,Royal Hogs,88.0,,,,5,,,
06615,The Log,98.0,Cannon Cart,16.0,Hunter,52.0,Royal Hogs,88.0,,,,5,,,
06630,The Log,98.0,Cannon Cart,16.0,Hunter,52.0,Heal Spirit,50.0,,,,1,,,
06645,The Log,98.0,Cannon Cart,16.0,Hunter,52.0,Heal Spirit,50.0,,,,1,,,
06660,The Log,98.0,Cannon Cart,16.0,Hunter,52.0,Heal Spirit,50.0,,,,2,,,
06675,The Log,98.0,Cannon Cart,16.0,Hunter,52.0,Heal Spirit,50.0,,,,2,,,
06690,Fisherman,32.0,Cannon Cart,16.0,Hunter,52.0,Heal Spirit,50.0,,,,0,,,
06705,Fisherman,32.0,Cannon Cart,16.0,Hunter,52.0,Heal Spirit,50.0,,,,1,,,
06720,Fisherman,32.0,Cannon Cart,16.0,Hunter,52.0,Heal Spirit,50.0,,,,1,,,
06735,Fisherman,32.0,Cannon Cart,16.0,Hunter,52.0,Magic Archer,62.0,,,,0,,,
06750,Fisherman,32.0,Cannon Cart,16.0,Hunter,52.0,Magic Archer,62.0,,,,1,,,
06765,Fisherman,32.0,Cannon Cart,16.0,Hunter,52.0,Magic Archer,62.0,,,,1,,,
06780,Fisherman,32.0,Cannon Cart,16.0,Hunter,52.0,Magic Archer,62.0,,,,1,,,
06795,Fisherman,32.0,Cannon Cart,16.0,Hunter,52.0,Magic Archer,62.0,,,,2,,,
06810,Fisherman,32.0,Cannon Cart,16.0,Hunter,52.0,Magic Archer,62.0,,,,2,,,
06825,Fisherman,32.0,Cannon Cart,16.0,Hunter,52.0,Magic Archer,62.0,,,,2,,,
06840,Fisherman,32.0,Cannon Cart,16.0,Hunter,52.0,Magic Archer,62.0,,,,3,,,
06855,Fisherman,32.0,Cannon Cart,16.0,Hunter,52.0,Magic Archer,62.0,,,,3,,,
06870,Fisherman,32.0,Cannon Cart,16.0,Hunter,52.0,Magic Archer,62.0,,,,4,,,
06885,Fisherman,32.0,Cannon Cart,16.0,Hunter,52.0,Magic Archer,62.0,,,,4,,,
06900,Fisherman,32.0,Cannon Cart,16.0,Hunter,52.0,Magic Archer,62.0,,,,4,,,
06915,Fisherman,32.0,Cannon Cart,16.0,Hunter,52.0,Magic Archer,62.0,,,,5,,,
06930,Fisherman,32.0,Cannon Cart,16.0,Hunter,52.0,Magic Archer,62.0,,,,5,,,
06945,Fisherman,32.0,Cannon Cart,16.0,Hunter,52.0,Magic Archer,62.0,,,,5,,,
06960,Fisherman,32.0,Cannon Cart,16.0,Hunter,52.0,Magic Archer,62.0,,,,6,,,
06975,Fisherman,32.0,Cannon Cart,16.0,Hunter,52.0,Magic Archer,62.0,,,,6,,,
06990,Fisherman,32.0,Cannon Cart,16.0,Hunter,52.0,Magic Archer,62.0,,,,6,,,
07005,Fisherman,32.0,Cannon Cart,16.0,Hunter,52.0,Magic Archer,62.0,,,,7,,,
07020,Royal Recruits,89.0,Cannon Cart,16.0,Hunter,52.0,Magic Archer,62.0,,,,4,,,
07035,Royal Recruits,89.0,Cannon Cart,16.0,Hunter,52.0,Magic Archer,62.0,,,,5,,,
07050,Royal Recruits,89.0,Cannon Cart,16.0,Hunter,52.0,Magic Archer,62.0,,,,5,,,
07065,Royal Recruits,89.0,Cannon Cart,16.0,Hunter,52.0,Magic Archer,62.0,,,,5,,,
07080,Royal Recruits,89.0,Cannon Cart,16.0,Hunter,52.0,Magic Archer,62.0,,,,6,,,
07095,Royal Recruits,89.0,Cannon Cart,16.0,Hunter,52.0,Magic Archer,62.0,,,,6,,,
07110,Royal Recruits,89.0,Cannon Cart,16.0,Hunter,52.0,Magic Archer,62.0,,,,6,,,
07125,Royal Recruits,89.0,Cannon Cart,16.0,Hunter,52.0,Magic Archer,62.0,,,,7,,,
07140,Royal Recruits,89.0,Cannon Cart,16.0,Hunter,52.0,Magic Archer,62.0,,,,8,,,
07155,Royal Recruits,89.0,Cannon Cart,16.0,Hunter,52.0,Magic Archer,62.0,,,,8,,,
07170,Royal Recruits,89.0,Cannon Cart,16.0,Hunter,52.0,Magic Archer,62.0,,,,8,,,
07185,Royal Recruits,89.0,Cannon Cart,16.0,Hunter,52.0,Magic Archer,62.0,,,,8,,,
07200,Royal Recruits,89.0,Cannon Cart,16.0,Hunter,52.0,Magic Archer,62.0,,,,8,,,
07215,Royal Recruits,89.0,Cannon Cart,16.0,Hunter,52.0,Magic Archer,62.0,,,,9,,,
07230,Royal Recruits,89.0,Cannon Cart,16.0,Hunter,52.0,Magic Archer,62.0,,,,9,,,
07245,Royal Hogs,88.0,Cannon Cart,16.0,Cannon Cart,16.0,Magic Archer,62.0,,,,2,,,
07260,Royal Hogs,88.0,Cannon Cart,16.0,Mega Knight,63.0,Magic Archer,62.0,,,,3,,,
07275,Royal Hogs,88.0,Cannon Cart,16.0,Hunter,52.0,Magic Archer,62.0,,,,3,,,
07290,Royal Hogs,88.0,Cannon Cart,16.0,Hunter,52.0,Magic Archer,62.0,,,,4,,,
07305,Royal Hogs,88.0,Cannon Cart,16.0,Hunter,52.0,Magic Archer,62.0,,,,4,,,
07320,Royal Hogs,88.0,Cannon Cart,16.0,Hunter,52.0,Magic Archer,62.0,,,,4,,,
07335,Royal Hogs,88.0,Cannon Cart,16.0,Hunter,52.0,Magic Archer,62.0,,,,5,,,
07350,Royal Hogs,88.0,Cannon Cart,16.0,Hunter,52.0,Magic Archer,62.0,,,,5,,,
07365,Royal Hogs,88.0,Cannon Cart,16.0,Hunter,52.0,Magic Archer,62.0,,,,5,,,
07380,Royal Hogs,88.0,Cannon Cart,16.0,Hunter,52.0,Magic Archer,62.0,,,,6,,,
07395,Royal Hogs,88.0,Cannon Cart,16.0,Hunter,52.0,Magic Archer,62.0,,,,6,,,
07410,Royal Hogs,88.0,The Log,98.0,Monk,70.0,Magic Archer,62.0,,,,2,,,
07425,Royal Hogs,88.0,The Log,98.0,Cannon Cart,16.0,Magic Archer,62.0,,,,2,,,
07440,Royal Hogs,88.0,The Log,98.0,Mega Knight,63.0,Magic Archer,62.0,,,,3,,,
07455,Royal Hogs,88.0,The Log,98.0,Hunter,52.0,Magic Archer,62.0,,,,3,,,
07470,Royal Hogs,88.0,The Log,98.0,Hunter,52.0,Magic Archer,62.0,,,,4,,,
07485,Royal Hogs,88.0,The Log,98.0,Hunter,52.0,Magic Archer,62.0,,,,5,,,
07500,Royal Hogs,88.0,The Log,98.0,Hunter,52.0,Magic Archer,62.0,,,,5,,,
07515,Royal Hogs,88.0,The Log,98.0,Hunter,52.0,Magic Archer,62.0,,,,6,,,
07530,Royal Hogs,88.0,The Log,98.0,Hunter,52.0,Magic Archer,62.0,,,,6,,,
07545,Royal Hogs,88.0,The Log,98.0,Hunter,52.0,Magic Archer,62.0,,,,3,,,
07560,Royal Hogs,88.0,Heal Spirit,50.0,Hunter,52.0,Magic Archer,62.0,,,,5,,,
07575,Royal Hogs,88.0,Heal Spirit,50.0,Hunter,52.0,Magic Archer,62.0,,,,6,,,
07590,Royal Hogs,88.0,Heal Spirit,50.0,Hunter,52.0,Magic Archer,62.0,,,,6,,,
07605,Royal Hogs,88.0,Heal Spirit,50.0,Hunter,52.0,Magic Archer,62.0,,,,7,,,
07620,Royal Hogs,88.0,Heal Spirit,50.0,Hunter,52.0,Fisherman,32.0,,,,3,,,
07635,Royal Hogs,88.0,Heal Spirit,50.0,Hunter,52.0,Fisherman,32.0,,,,4,,,
