frame,card1Name,card1Label,card2Name,card2Label,card3Name,card3Label,card4Name,card4Label,cardPlayedName,cardPlayedLabel,slotPlayed,elixir,predicted_cardPlayed,y_cardPlayed,y_elixirConsumed,predicted_elixirConsumed
00240,Archers,1.0,Electro Spirit,23.0,X,106.0,Tesla,97.0,,,,6,False,False,0.0,0.0
00255,Archers,1.0,Electro Spirit,23.0,X,106.0,Tesla,97.0,,,,6,False,False,0.0,0.0
00270,Archers,1.0,Electro Spirit,23.0,X,106.0,Tesla,97.0,,,,6,False,False,0.0,0.0
00285,Archers,1.0,Electro Spirit,23.0,X,106.0,Tesla,97.0,,,,7,False,False,0.0,0.0
00300,Archers,1.0,Electro Spirit,23.0,X,106.0,Tesla,97.0,,,,7,False,False,0.0,0.0
00315,Archers,1.0,Electro Spirit,23.0,X,106.0,Tesla,97.0,,,,7,False,False,0.0,0.0
00330,Archers,1.0,Electro Spirit,23.0,X,106.0,Tesla,97.0,,,,7,False,False,0.0,0.0
00345,Archers,1.0,Electro Spirit,23.0,X,106.0,Tesla,97.0,,,,7,False,False,0.0,0.0
00360,Archers,1.0,Electro Spirit,23.0,X,106.0,Tesla,97.0,,,,8,False,False,0.0,0.0
00375,Archers,1.0,Electro Spirit,23.0,X,106.0,Tesla,97.0,,,,8,False,False,0.0,0.0
00390,Archers,1.0,Electro Spirit,23.0,X,106.0,Tesla,97.0,,,,8,False,False,0.0,0.0
00405,Archers,1.0,Electro Spirit,23.0,X,106.0,Tesla,97.0,,,,8,False,False,0.0,0.0
00420,Archers,1.0,Electro Spirit,23.0,X,106.0,Tesla,97.0,,,,8,False,False,0.0,0.0
00435,Archers,1.0,Electro Spirit,23.0,X,106.0,Tesla,97.0,,,,8,False,False,0.0,0.0
00450,Archers,1.0,Electro Spirit,23.0,X,106.0,Tesla,97.0,,,,9,False,False,0.0,0.0
00465,Archers,1.0,Knight,58.0,X,106.0,Tesla,97.0,Electro Spirit,23.0,2.0,8,True,True,1.0,1.0
00480,Archers,1.0,Knight,58.0,X,106.0,Tesla,97.0,,,,8,False,False,0.0,0.0
00495,Archers,1.0,Knight,58.0,X,106.0,Tesla,97.0,,,,8,False,False,0.0,0.0
00510,Archers,1.0,Knight,58.0,X,106.0,Tesla,97.0,,,,8,False,False,0.0,0.0
00525,Archers,1.0,Knight,58.0,X,106.0,Tesla,97.0,,,,9,False,False,0.0,0.0
00540,Archers,1.0,Knight,58.0,X,106.0,Tesla,97.0,,,,9,False,False,0.0,0.0
00555,Archers,1.0,Knight,58.0,X,106.0,Tesla,97.0,,,,9,False,False,0.0,0.0
00570,Archers,1.0,Knight,58.0,X,106.0,Tesla,97.0,,,,9,False,False,0.0,0.0
00585,Archers,1.0,Knight,58.0,X,106.0,Tesla,97.0,,,,9,False,False,0.0,0.0
00600,Archers,1.0,Knight,58.0,X,106.0,Tesla,97.0,,,,9,False,False,0.0,0.0
00615,Archers,1.0,Knight,58.0,X,106.0,Tesla,97.0,,,,10,False,False,0.0,0.0
00630,Archers,1.0,Knight,58.0,X,106.0,Tesla,97.0,,,,10,False,False,0.0,0.0
00645,The Log,98.0,Knight,58.0,X,106.0,Tesla,97.0,Archers,1.0,1.0,10,True,True,3.0,3.0
00660,The Log,98.0,Knight,58.0,X,106.0,Tesla,97.0,,,,7,False,False,0.0,0.0
00675,The Log,98.0,Knight,58.0,X,106.0,Tesla,97.0,,,,7,False,False,0.0,0.0
00690,The Log,98.0,Knight,58.0,X,106.0,Tesla,97.0,,,,7,False,False,0.0,0.0
00705,The Log,98.0,Knight,58.0,X,106.0,Tesla,97.0,,,,7,False,False,0.0,0.0
00720,The Log,98.0,Knight,58.0,X,106.0,Tesla,97.0,,,,7,False,False,0.0,0.0
00735,The Log,98.0,Knight,58.0,X,106.0,Tesla,97.0,,,,8,False,False,0.0,0.0
00750,The Log,98.0,Knight,58.0,X,106.0,Tesla,97.0,,,,8,False,False,0.0,0.0
00765,The Log,98.0,Knight,58.0,X,106.0,Tesla,97.0,,,,8,False,False,0.0,0.0
00780,The Log,98.0,Knight,58.0,X,106.0,Tesla,97.0,,,,8,False,False,0.0,0.0
00795,The Log,98.0,Knight,58.0,X,106.0,Tesla,97.0,,,,8,False,False,0.0,0.0
00810,The Log,98.0,Knight,58.0,X,106.0,Tesla,97.0,,,,9,False,False,0.0,0.0
00825,The Log,98.0,Knight,58.0,X,106.0,Tesla,97.0,,,,9,False,False,0.0,0.0
00840,The Log,98.0,Knight,58.0,X,106.0,Tesla,97.0,,,,9,False,False,0.0,0.0
00855,The Log,98.0,Knight,58.0,X,106.0,Tesla,97.0,,,,9,False,False,0.0,0.0
00870,The Log,98.0,Knight,58.0,X,106.0,Tesla,97.0,,,,9,False,False,0.0,0.0
00885,The Log,98.0,Knight,58.0,Goblins,45.0,Tesla,97.0,X,106.0,3.0,3,True,True,6.0,6.0
00900,The Log,98.0,Knight,58.0,Goblins,45.0,Tesla,97.0,,,,4,False,False,0.0,0.0
00915,The Log,98.0,Knight,58.0,Goblins,45.0,Tesla,97.0,,,,4,False,False,0.0,0.0
00930,The Log,98.0,Knight,58.0,Goblins,45.0,Tesla,97.0,,,,4,False,False,0.0,0.0
00945,The Log,98.0,Knight,58.0,Goblins,45.0,Tesla,97.0,,,,4,False,False,0.0,0.0
00960,The Log,98.0,Knight,58.0,Goblins,45.0,Tesla,97.0,,,,4,False,False,0.0,0.0
00975,The Log,98.0,Knight,58.0,Goblins,45.0,Tesla,97.0,,,,5,False,False,0.0,0.0
00990,The Log,98.0,Knight,58.0,Goblins,45.0,Tesla,97.0,,,,5,False,False,0.0,0.0
01005,The Log,98.0,Knight,58.0,Goblins,45.0,Tesla,97.0,,,,5,False,False,0.0,0.0
01020,The Log,98.0,Knight,58.0,Goblins,45.0,Tesla,97.0,,,,5,False,False,0.0,0.0
01035,The Log,98.0,Knight,58.0,Goblins,45.0,Tesla,97.0,,,,5,False,False,0.0,0.0
01050,The Log,98.0,Knight,58.0,Goblins,45.0,Tesla,97.0,,,,5,False,False,0.0,0.0
01065,Fireball,30.0,Knight,58.0,Goblins,45.0,Tesla,97.0,The Log,98.0,1.0,4,True,True,1.0,2.0
01080,Fireball,30.0,Electro Spirit,23.0,Goblins,45.0,Tesla,97.0,Knight,58.0,2.0,1,True,True,3.0,3.0
01095,Fireball,30.0,Electro Spirit,23.0,Goblins,45.0,Tesla,97.0,,,,1,False,False,0.0,0.0
01110,Fireball,30.0,Electro Spirit,23.0,Goblins,45.0,Tesla,97.0,,,,1,False,False,0.0,0.0
01125,Fireball,30.0,Electro Spirit,23.0,Goblins,45.0,Tesla,97.0,,,,1,False,False,0.0,0.0
01140,Fireball,30.0,Electro Spirit,23.0,Goblins,45.0,Tesla,97.0,,,,1,False,False,0.0,0.0
01155,Fireball,30.0,Electro Spirit,23.0,Goblins,45.0,Tesla,97.0,,,,2,False,False,0.0,0.0
01170,Fireball,30.0,Electro Spirit,23.0,Goblins,45.0,Tesla,97.0,,,,2,False,False,0.0,0.0
01185,Fireball,30.0,Electro Spirit,23.0,Goblins,45.0,Tesla,97.0,,,,2,False,False,0.0,0.0
01200,Fireball,30.0,Electro Spirit,23.0,Goblins,45.0,Tesla,97.0,,,,2,False,False,0.0,0.0
01215,Fireball,30.0,Electro Spirit,23.0,Goblins,45.0,Tesla,97.0,,,,2,False,False,0.0,0.0
01230,Fireball,30.0,Electro Spirit,23.0,Goblins,45.0,Tesla,97.0,,,,3,False,False,0.0,0.0
01245,Fireball,30.0,Electro Spirit,23.0,Goblins,45.0,Tesla,97.0,,,,3,False,False,0.0,0.0
01260,Fireball,30.0,Electro Spirit,23.0,Goblins,45.0,Tesla,97.0,,,,3,False,False,0.0,0.0
01275,Fireball,30.0,Electro Spirit,23.0,Goblins,45.0,Tesla,97.0,,,,3,False,False,0.0,0.0
01290,Fireball,30.0,Electro Spirit,23.0,Goblins,45.0,Tesla,97.0,,,,3,False,False,0.0,0.0
01305,Fireball,30.0,Electro Spirit,23.0,Goblins,45.0,Tesla,97.0,,,,3,False,False,0.0,0.0
01320,Fireball,30.0,Electro Spirit,23.0,Goblins,45.0,Tesla,97.0,,,,4,False,False,0.0,0.0
01335,Fireball,30.0,Electro Spirit,23.0,Goblins,45.0,Tesla,97.0,,,,4,False,False,0.0,0.0
01350,Fireball,30.0,Electro Spirit,23.0,Goblins,45.0,Tesla,97.0,,,,4,False,False,0.0,0.0
01365,Fireball,30.0,Electro Spirit,23.0,Goblins,45.0,Tesla,97.0,,,,4,False,False,0.0,0.0
01380,Archers,1.0,Electro Spirit,23.0,Goblins,45.0,Tesla,97.0,Fireball,30.0,1.0,0,True,True,4.0,4.0
01395,Archers,1.0,Electro Spirit,23.0,Goblins,45.0,Tesla,97.0,,,,1,False,False,0.0,0.0
01410,Archers,1.0,Electro Spirit,23.0,Goblins,45.0,Tesla,97.0,,,,1,False,False,0.0,0.0
01425,Archers,1.0,Electro Spirit,23.0,Goblins,45.0,Tesla,97.0,,,,1,False,False,0.0,0.0
01440,Archers,1.0,X,106.0,Goblins,45.0,Tesla,97.0,Electro Spirit,23.0,2.0,0,True,True,1.0,1.0
01455,Archers,1.0,X,106.0,Goblins,45.0,Tesla,97.0,,,,0,False,False,0.0,0.0
01470,Archers,1.0,X,106.0,Goblins,45.0,Tesla,97.0,,,,0,False,False,0.0,0.0
01485,Archers,1.0,X,106.0,Goblins,45.0,Tesla,97.0,,,,1,False,False,0.0,0.0
01500,Archers,1.0,X,106.0,Goblins,45.0,Tesla,97.0,,,,1,False,False,0.0,0.0
01515,Archers,1.0,X,106.0,Goblins,45.0,Tesla,97.0,,,,1,False,False,0.0,0.0
01530,Archers,1.0,X,106.0,Goblins,45.0,Tesla,97.0,,,,1,False,False,0.0,0.0
01545,Archers,1.0,X,106.0,Goblins,45.0,Tesla,97.0,,,,1,False,False,0.0,0.0
01560,Archers,1.0,X,106.0,Goblins,45.0,Tesla,97.0,,,,1,False,False,0.0,0.0
01575,Archers,1.0,X,106.0,Goblins,45.0,Tesla,97.0,,,,2,False,False,0.0,0.0
01590,Archers,1.0,X,106.0,Goblins,45.0,Tesla,97.0,,,,2,False,False,0.0,0.0
01605,Archers,1.0,X,106.0,Goblins,45.0,Tesla,97.0,,,,2,False,False,0.0,0.0
01620,Archers,1.0,X,106.0,Goblins,45.0,Tesla,97.0,,,,2,False,False,0.0,0.0
01635,Archers,1.0,X,106.0,Goblins,45.0,Tesla,97.0,,,,2,False,False,0.0,0.0
01650,Archers,1.0,X,106.0,Goblins,45.0,Tesla,97.0,,,,3,False,False,0.0,0.0
01665,Archers,1.0,X,106.0,Goblins,45.0,Tesla,97.0,,,,3,False,False,0.0,0.0
01680,Archers,1.0,X,106.0,Goblins,45.0,Tesla,97.0,,,,3,False,False,0.0,0.0
01695,Archers,1.0,X,106.0,The Log,98.0,Tesla,97.0,Goblins,45.0,3.0,1,True,True,2.0,2.0
01710,Archers,1.0,X,106.0,The Log,98.0,Tesla,97.0,,,,1,False,False,0.0,0.0
01725,Archers,1.0,X,106.0,The Log,98.0,Tesla,97.0,,,,1,False,False,0.0,0.0
01740,Archers,1.0,X,106.0,The Log,98.0,Tesla,97.0,,,,2,False,False,0.0,0.0
01755,Archers,1.0,X,106.0,The Log,98.0,Tesla,97.0,,,,2,False,False,0.0,0.0
01770,Archers,1.0,X,106.0,The Log,98.0,Tesla,97.0,,,,2,False,False,0.0,0.0
01785,Archers,1.0,X,106.0,The Log,98.0,Tesla,97.0,,,,2,False,False,0.0,0.0
01800,Archers,1.0,X,106.0,The Log,98.0,Tesla,97.0,,,,2,False,False,0.0,0.0
01815,Archers,1.0,X,106.0,The Log,98.0,Tesla,97.0,,,,3,False,False,0.0,0.0
01830,Archers,1.0,X,106.0,The Log,98.0,Tesla,97.0,,,,3,False,False,0.0,0.0
01845,Archers,1.0,X,106.0,Knight,58.0,Tesla,97.0,The Log,98.0,3.0,3,True,True,2.0,2.0
01860,Archers,1.0,X,106.0,Knight,58.0,Tesla,97.0,,,,1,False,False,0.0,0.0
01875,Archers,1.0,X,106.0,Knight,58.0,Tesla,97.0,,,,1,False,False,0.0,0.0
01890,Archers,1.0,X,106.0,Knight,58.0,Tesla,97.0,,,,1,False,False,0.0,0.0
01905,Archers,1.0,X,106.0,Knight,58.0,Tesla,97.0,,,,2,False,False,0.0,0.0
01920,Archers,1.0,X,106.0,Knight,58.0,Tesla,97.0,,,,2,False,False,0.0,0.0
01935,Archers,1.0,X,106.0,Knight,58.0,Tesla,97.0,,,,2,False,False,0.0,0.0
01950,Archers,1.0,X,106.0,Knight,58.0,Tesla,97.0,,,,2,False,False,0.0,0.0
01965,Archers,1.0,X,106.0,Knight,58.0,Tesla,97.0,,,,2,False,False,0.0,0.0
01980,Archers,1.0,X,106.0,Knight,58.0,Tesla,97.0,,,,2,False,False,0.0,0.0
01995,Archers,1.0,X,106.0,Knight,58.0,Tesla,97.0,,,,3,False,False,0.0,0.0
02010,Archers,1.0,X,106.0,Knight,58.0,Tesla,97.0,,,,3,False,False,0.0,0.0
02025,Archers,1.0,X,106.0,Knight,58.0,Tesla,97.0,,,,3,False,False,0.0,0.0
02040,Archers,1.0,X,106.0,Knight,58.0,Tesla,97.0,,,,3,False,False,0.0,0.0
02055,Archers,1.0,X,106.0,Knight,58.0,Tesla,97.0,,,,3,False,False,0.0,0.0
02070,Archers,1.0,X,106.0,Knight,58.0,Tesla,97.0,,,,4,False,False,0.0,0.0
02085,Archers,1.0,X,106.0,Knight,58.0,Tesla,97.0,,,,4,False,False,0.0,0.0
02100,Archers,1.0,X,106.0,Knight,58.0,Tesla,97.0,,,,4,False,False,0.0,0.0
02115,Archers,1.0,X,106.0,Knight,58.0,Tesla,97.0,,,,4,False,False,0.0,0.0
02130,Archers,1.0,X,106.0,Knight,58.0,Tesla,97.0,,,,4,False,False,0.0,0.0
02145,Archers,1.0,X,106.0,Knight,58.0,Tesla,97.0,,,,4,False,False,0.0,0.0
02160,Archers,1.0,X,106.0,Knight,58.0,Tesla,97.0,,,,5,False,False,0.0,0.0
02175,Archers,1.0,X,106.0,Knight,58.0,Tesla,97.0,,,,5,False,False,0.0,0.0
02190,Archers,1.0,X,106.0,Knight,58.0,Tesla,97.0,,,,5,False,False,0.0,0.0
02205,Archers,1.0,X,106.0,Knight,58.0,Tesla,97.0,,,,5,False,False,0.0,0.0
02220,Archers,1.0,X,106.0,Knight,58.0,Tesla,97.0,,,,5,False,False,0.0,0.0
02235,Archers,1.0,X,106.0,Knight,58.0,Tesla,97.0,,,,6,False,False,0.0,0.0
02250,Archers,1.0,X,106.0,Knight,58.0,Tesla,97.0,,,,6,False,False,0.0,0.0
02265,Archers,1.0,X,106.0,Knight,58.0,Tesla,97.0,,,,6,False,False,0.0,0.0
02280,Archers,1.0,X,106.0,Knight,58.0,Tesla,97.0,,,,6,False,False,0.0,0.0
02295,Archers,1.0,X,106.0,Knight,58.0,Tesla,97.0,,,,6,False,False,0.0,0.0
02310,Archers,1.0,X,106.0,Knight,58.0,Tesla,97.0,,,,6,False,False,0.0,0.0
02325,Archers,1.0,X,106.0,Knight,58.0,Tesla,97.0,,,,7,False,False,0.0,0.0
02340,Archers,1.0,X,106.0,Knight,58.0,Tesla,97.0,,,,7,False,False,0.0,0.0
02355,Archers,1.0,X,106.0,Knight,58.0,Tesla,97.0,,,,7,False,False,0.0,0.0
02370,Archers,1.0,X,106.0,Knight,58.0,Tesla,97.0,,,,7,False,False,0.0,0.0
02385,Archers,1.0,X,106.0,Knight,58.0,Tesla,97.0,,,,7,False,False,0.0,0.0
02400,Archers,1.0,X,106.0,Knight,58.0,Tesla,97.0,,,,7,False,False,0.0,0.0
02415,Archers,1.0,X,106.0,Knight,58.0,Tesla,97.0,,,,8,False,False,0.0,0.0
02430,Archers,1.0,X,106.0,Knight,58.0,Tesla,97.0,,,,8,False,False,0.0,0.0
02445,Archers,1.0,X,106.0,Knight,58.0,Tesla,97.0,,,,8,False,False,0.0,0.0
02460,Archers,1.0,X,106.0,Knight,58.0,Tesla,97.0,,,,8,False,False,0.0,0.0
02475,Archers,1.0,X,106.0,Knight,58.0,Tesla,97.0,,,,8,False,False,0.0,0.0
02490,Archers,1.0,X,106.0,Knight,58.0,Tesla,97.0,,,,9,False,False,0.0,0.0
02505,Archers,1.0,X,106.0,Knight,58.0,Tesla,97.0,,,,9,False,False,0.0,0.0
02520,Archers,1.0,X,106.0,Knight,58.0,Tesla,97.0,,,,9,False,False,0.0,0.0
02535,Fireball,30.0,X,106.0,Knight,58.0,Tesla,97.0,Archers,1.0,1.0,6,True,True,3.0,3.0
02550,Fireball,30.0,X,106.0,Knight,58.0,Tesla,97.0,,,,6,False,False,0.0,0.0
02565,Fireball,30.0,X,106.0,Knight,58.0,Tesla,97.0,,,,6,False,False,0.0,0.0
02580,Fireball,30.0,X,106.0,Knight,58.0,Tesla,97.0,,,,7,False,False,0.0,0.0
02595,Fireball,30.0,X,106.0,Knight,58.0,Tesla,97.0,,,,7,False,False,0.0,0.0
02610,Fireball,30.0,X,106.0,Knight,58.0,Tesla,97.0,,,,7,False,False,0.0,0.0
02625,Fireball,30.0,X,106.0,Knight,58.0,Tesla,97.0,,,,7,False,False,0.0,0.0
02640,Fireball,30.0,X,106.0,Knight,58.0,Tesla,97.0,,,,7,False,False,0.0,0.0
02655,Fireball,30.0,X,106.0,Knight,58.0,Tesla,97.0,,,,8,False,False,0.0,0.0
02670,Fireball,30.0,X,106.0,Knight,58.0,Tesla,97.0,,,,8,False,False,0.0,0.0
02685,Fireball,30.0,X,106.0,Knight,58.0,Tesla,97.0,,,,8,False,False,0.0,0.0
02700,Fireball,30.0,X,106.0,Knight,58.0,Tesla,97.0,,,,8,False,False,0.0,0.0
02715,Fireball,30.0,X,106.0,Knight,58.0,Tesla,97.0,,,,8,False,False,0.0,0.0
02730,Fireball,30.0,X,106.0,Knight,58.0,Tesla,97.0,,,,8,False,False,0.0,0.0
02745,Fireball,30.0,X,106.0,Knight,58.0,Tesla,97.0,,,,9,False,False,0.0,0.0
02760,Fireball,30.0,X,106.0,Knight,58.0,Tesla,97.0,,,,9,False,False,0.0,0.0
02775,Fireball,30.0,X,106.0,Knight,58.0,Tesla,97.0,,,,9,False,False,0.0,0.0
02790,Fireball,30.0,X,106.0,Knight,58.0,Tesla,97.0,,,,9,False,False,0.0,0.0
02805,Fireball,30.0,X,106.0,Knight,58.0,Tesla,97.0,,,,9,False,False,0.0,0.0
02820,Fireball,30.0,X,106.0,Knight,58.0,Tesla,97.0,,,,9,False,False,0.0,0.0
02835,Fireball,30.0,X,106.0,Electro Spirit,23.0,Tesla,97.0,Knight,58.0,3.0,7,True,True,2.0,3.0
02850,Fireball,30.0,X,106.0,Electro Spirit,23.0,Tesla,97.0,,,,7,False,False,0.0,0.0
02865,Fireball,30.0,X,106.0,Electro Spirit,23.0,Tesla,97.0,,,,7,False,False,0.0,0.0
02880,Fireball,30.0,X,106.0,Goblins,45.0,Tesla,97.0,Electro Spirit,23.0,3.0,6,True,True,1.0,1.0
02895,Fireball,30.0,X,106.0,Goblins,45.0,Tesla,97.0,,,,6,False,False,0.0,0.0
02910,Fireball,30.0,X,106.0,Goblins,45.0,Tesla,97.0,,,,6,False,False,0.0,0.0
02925,Fireball,30.0,X,106.0,Goblins,45.0,Tesla,97.0,,,,7,False,False,0.0,0.0
02940,Fireball,30.0,X,106.0,Goblins,45.0,Tesla,97.0,,,,7,False,False,0.0,0.0
02955,Fireball,30.0,X,106.0,Goblins,45.0,Tesla,97.0,,,,7,False,False,0.0,0.0
02970,Fireball,30.0,X,106.0,Goblins,45.0,Tesla,97.0,,,,7,False,False,0.0,0.0
02985,Fireball,30.0,X,106.0,Goblins,45.0,Tesla,97.0,,,,7,False,False,0.0,0.0
03000,Fireball,30.0,X,106.0,The Log,98.0,Tesla,97.0,Goblins,45.0,3.0,6,True,True,1.0,2.0
03015,Fireball,30.0,X,106.0,The Log,98.0,Tesla,97.0,,,,6,False,False,0.0,0.0
03030,Fireball,30.0,X,106.0,The Log,98.0,Tesla,97.0,,,,6,False,False,0.0,0.0
03045,Fireball,30.0,X,106.0,Archers,1.0,Tesla,97.0,The Log,98.0,3.0,4,True,True,2.0,2.0
03060,Fireball,30.0,X,106.0,Archers,1.0,Tesla,97.0,,,,4,False,False,0.0,0.0
03075,Fireball,30.0,X,106.0,Archers,1.0,Tesla,97.0,,,,4,False,False,0.0,0.0
03090,Fireball,30.0,X,106.0,Archers,1.0,Tesla,97.0,,,,5,False,False,0.0,0.0
03105,Fireball,30.0,X,106.0,Knight,58.0,Tesla,97.0,Archers,1.0,3.0,2,True,True,3.0,3.0
03120,Fireball,30.0,X,106.0,Knight,58.0,Tesla,97.0,,,,2,False,False,0.0,0.0
03135,Fireball,30.0,X,106.0,Knight,58.0,Tesla,97.0,,,,2,False,False,0.0,0.0
03150,Fireball,30.0,X,106.0,Knight,58.0,Tesla,97.0,,,,2,False,False,0.0,0.0
03165,Fireball,30.0,X,106.0,Knight,58.0,Tesla,97.0,,,,3,False,False,0.0,0.0
03180,Fireball,30.0,X,106.0,Knight,58.0,Tesla,97.0,,,,3,False,False,0.0,0.0
03195,Fireball,30.0,X,106.0,Knight,58.0,Tesla,97.0,,,,3,False,False,0.0,0.0
03210,Fireball,30.0,X,106.0,Knight,58.0,Tesla,97.0,,,,3,False,False,0.0,0.0
03225,Fireball,30.0,X,106.0,Knight,58.0,Tesla,97.0,,,,3,False,False,0.0,0.0
03240,Fireball,30.0,X,106.0,Knight,58.0,Tesla,97.0,,,,3,False,False,0.0,0.0
03255,Fireball,30.0,X,106.0,Knight,58.0,Tesla,97.0,,,,4,False,False,0.0,0.0
03270,Fireball,30.0,X,106.0,Knight,58.0,Tesla,97.0,,,,4,False,False,0.0,0.0
03285,Fireball,30.0,X,106.0,Knight,58.0,Tesla,97.0,,,,4,False,False,0.0,0.0
03300,Fireball,30.0,X,106.0,Knight,58.0,Tesla,97.0,,,,4,False,False,0.0,0.0
03315,Fireball,30.0,X,106.0,Knight,58.0,Tesla,97.0,,,,4,False,False,0.0,0.0
03330,Fireball,30.0,X,106.0,Knight,58.0,Tesla,97.0,,,,5,False,False,0.0,0.0
03345,Fireball,30.0,X,106.0,Knight,58.0,Tesla,97.0,,,,5,False,False,0.0,0.0
03360,Fireball,30.0,X,106.0,Knight,58.0,Tesla,97.0,,,,5,False,False,0.0,0.0
03375,Fireball,30.0,X,106.0,Knight,58.0,Tesla,97.0,,,,5,False,False,0.0,0.0
03390,Fireball,30.0,X,106.0,Knight,58.0,Tesla,97.0,,,,5,False,False,0.0,0.0
03405,Fireball,30.0,X,106.0,Knight,58.0,Tesla,97.0,,,,5,False,False,0.0,0.0
03420,Fireball,30.0,X,106.0,Knight,58.0,Tesla,97.0,,,,6,False,False,0.0,0.0
03435,Fireball,30.0,X,106.0,Knight,58.0,Tesla,97.0,,,,6,False,False,0.0,0.0
03450,Fireball,30.0,X,106.0,Knight,58.0,Tesla,97.0,,,,6,False,False,0.0,0.0
03465,Fireball,30.0,X,106.0,Knight,58.0,Tesla,97.0,,,,6,False,False,0.0,0.0
03480,Fireball,30.0,X,106.0,Knight,58.0,Tesla,97.0,,,,6,False,False,0.0,0.0
03495,Fireball,30.0,X,106.0,Knight,58.0,Tesla,97.0,,,,6,False,False,0.0,0.0
03510,Fireball,30.0,X,106.0,Knight,58.0,Tesla,97.0,,,,7,False,False,0.0,0.0
03525,Fireball,30.0,X,106.0,Knight,58.0,Tesla,97.0,,,,7,False,False,0.0,0.0
03540,Fireball,30.0,X,106.0,Knight,58.0,Tesla,97.0,,,,7,False,False,0.0,0.0
03555,Fireball,30.0,X,106.0,Electro Spirit,23.0,Tesla,97.0,Knight,58.0,3.0,4,True,True,3.0,3.0
03570,Fireball,30.0,X,106.0,Electro Spirit,23.0,Tesla,97.0,,,,4,False,False,0.0,0.0
03585,Fireball,30.0,X,106.0,Electro Spirit,23.0,Tesla,97.0,,,,5,False,False,0.0,0.0
03600,Fireball,30.0,X,106.0,Electro Spirit,23.0,Tesla,97.0,,,,5,False,False,0.0,0.0
03615,Fireball,30.0,X,106.0,Electro Spirit,23.0,Tesla,97.0,,,,5,False,False,0.0,0.0
03630,Fireball,30.0,X,106.0,Electro Spirit,23.0,Goblins,45.0,Tesla,97.0,4.0,1,True,True,4.0,4.0
03645,Fireball,30.0,X,106.0,Electro Spirit,23.0,Goblins,45.0,,,,1,False,False,0.0,0.0
03660,Fireball,30.0,X,106.0,Electro Spirit,23.0,Goblins,45.0,,,,1,False,False,0.0,0.0
03675,Fireball,30.0,X,106.0,Electro Spirit,23.0,Goblins,45.0,,,,2,False,False,0.0,0.0
03690,Fireball,30.0,X,106.0,Electro Spirit,23.0,Goblins,45.0,,,,2,False,False,0.0,0.0
03705,Fireball,30.0,X,106.0,Electro Spirit,23.0,The Log,98.0,Goblins,45.0,4.0,0,True,True,2.0,2.0
03720,Fireball,30.0,X,106.0,Electro Spirit,23.0,The Log,98.0,,,,0,False,False,0.0,0.0
03735,Fireball,30.0,X,106.0,Electro Spirit,23.0,The Log,98.0,,,,0,False,False,0.0,0.0
03750,Fireball,30.0,X,106.0,Electro Spirit,23.0,The Log,98.0,,,,0,False,False,0.0,0.0
03765,Fireball,30.0,X,106.0,Electro Spirit,23.0,The Log,98.0,,,,1,False,False,0.0,0.0
03780,Fireball,30.0,X,106.0,Electro Spirit,23.0,The Log,98.0,,,,1,False,False,0.0,0.0
03795,Fireball,30.0,X,106.0,Archers,1.0,The Log,98.0,Electro Spirit,23.0,3.0,1,True,False,0.0,1.0
03810,Fireball,30.0,X,106.0,Archers,1.0,The Log,98.0,,,,1,False,False,0.0,0.0
03825,Fireball,30.0,X,106.0,Archers,1.0,The Log,98.0,,,,1,False,False,0.0,0.0
03840,Fireball,30.0,X,106.0,Archers,1.0,The Log,98.0,,,,2,False,False,0.0,0.0
03855,Fireball,30.0,X,106.0,Archers,1.0,The Log,98.0,,,,2,False,False,0.0,0.0
03870,Fireball,30.0,X,106.0,Archers,1.0,The Log,98.0,,,,2,False,False,0.0,0.0
03885,Fireball,30.0,X,106.0,Archers,1.0,The Log,98.0,,,,3,False,False,0.0,0.0
03900,Fireball,30.0,X,106.0,Archers,1.0,The Log,98.0,,,,3,False,False,0.0,0.0
03915,Fireball,30.0,X,106.0,Archers,1.0,The Log,98.0,,,,3,False,False,0.0,0.0
03930,Fireball,30.0,X,106.0,Archers,1.0,The Log,98.0,,,,4,False,False,0.0,0.0
03945,Fireball,30.0,X,106.0,Archers,1.0,The Log,98.0,,,,4,False,False,0.0,0.0
03960,Fireball,30.0,X,106.0,Archers,1.0,The Log,98.0,,,,4,False,False,0.0,0.0
03975,Fireball,30.0,X,106.0,Archers,1.0,The Log,98.0,,,,5,False,False,0.0,0.0
03990,Fireball,30.0,X,106.0,Archers,1.0,The Log,98.0,,,,5,False,False,0.0,0.0
04005,Fireball,30.0,X,106.0,Archers,1.0,The Log,98.0,,,,6,False,False,0.0,0.0
04020,Fireball,30.0,X,106.0,Archers,1.0,The Log,98.0,,,,6,False,False,0.0,0.0
04035,Fireball,30.0,X,106.0,Archers,1.0,The Log,98.0,,,,6,False,False,0.0,0.0
04050,Fireball,30.0,X,106.0,Archers,1.0,The Log,98.0,,,,7,False,False,0.0,0.0
04065,Fireball,30.0,X,106.0,Archers,1.0,The Log,98.0,,,,7,False,False,0.0,0.0
04080,Fireball,30.0,X,106.0,Archers,1.0,The Log,98.0,,,,7,False,False,0.0,0.0
04095,Fireball,30.0,X,106.0,Archers,1.0,The Log,98.0,,,,8,False,False,0.0,0.0
04110,Fireball,30.0,X,106.0,Archers,1.0,The Log,98.0,,,,8,False,False,0.0,0.0
04125,Fireball,30.0,X,106.0,Archers,1.0,The Log,98.0,,,,8,False,False,0.0,0.0
04140,Fireball,30.0,X,106.0,Archers,1.0,The Log,98.0,,,,9,False,False,0.0,0.0
04155,Fireball,30.0,Knight,58.0,Archers,1.0,The Log,98.0,X,106.0,2.0,3,True,True,6.0,6.0
04170,Fireball,30.0,Knight,58.0,Archers,1.0,The Log,98.0,,,,3,False,False,0.0,0.0
04185,Fireball,30.0,Knight,58.0,Archers,1.0,The Log,98.0,,,,4,False,False,0.0,0.0
04200,Fireball,30.0,Knight,58.0,Archers,1.0,The Log,98.0,,,,4,False,False,0.0,0.0
04215,Fireball,30.0,Knight,58.0,Archers,1.0,The Log,98.0,,,,5,False,False,0.0,0.0
04230,Fireball,30.0,Knight,58.0,Archers,1.0,The Log,98.0,,,,5,False,False,0.0,0.0
04245,Fireball,30.0,Knight,58.0,Archers,1.0,The Log,98.0,,,,5,False,False,0.0,0.0
04260,Fireball,30.0,Knight,58.0,Archers,1.0,The Log,98.0,,,,6,False,False,0.0,0.0
04275,Fireball,30.0,Knight,58.0,Archers,1.0,The Log,98.0,,,,6,False,False,0.0,0.0
04290,Fireball,30.0,Knight,58.0,Archers,1.0,The Log,98.0,,,,6,False,False,0.0,0.0
04305,Fireball,30.0,Knight,58.0,Archers,1.0,Tesla,97.0,The Log,98.0,4.0,5,True,True,1.0,2.0
04320,Fireball,30.0,Knight,58.0,Archers,1.0,Tesla,97.0,,,,5,False,False,0.0,0.0
04335,Fireball,30.0,Knight,58.0,Archers,1.0,Tesla,97.0,,,,5,False,False,0.0,0.0
04350,Fireball,30.0,Knight,58.0,Archers,1.0,Tesla,97.0,,,,6,False,False,0.0,0.0
04365,Fireball,30.0,Knight,58.0,Archers,1.0,Tesla,97.0,,,,6,False,False,0.0,0.0
04380,Fireball,30.0,Knight,58.0,Archers,1.0,Tesla,97.0,,,,6,False,False,0.0,0.0
04395,Fireball,30.0,Knight,58.0,Archers,1.0,Tesla,97.0,,,,7,False,False,0.0,0.0
04410,Fireball,30.0,Knight,58.0,Archers,1.0,Tesla,97.0,,,,7,False,False,0.0,0.0
04425,Fireball,30.0,Knight,58.0,Archers,1.0,Tesla,97.0,,,,7,False,False,0.0,0.0
04440,Fireball,30.0,Knight,58.0,Archers,1.0,Tesla,97.0,,,,8,False,False,0.0,0.0
04455,Fireball,30.0,Knight,58.0,Archers,1.0,Tesla,97.0,,,,8,False,False,0.0,0.0
04470,Fireball,30.0,Knight,58.0,Archers,1.0,Tesla,97.0,,,,9,False,False,0.0,0.0
04485,Fireball,30.0,Knight,58.0,Archers,1.0,Tesla,97.0,,,,9,False,False,0.0,0.0
04500,Fireball,30.0,Knight,58.0,Goblins,45.0,Tesla,97.0,Archers,1.0,3.0,6,True,True,3.0,3.0
04515,Fireball,30.0,Knight,58.0,Goblins,45.0,Tesla,97.0,,,,7,False,False,0.0,0.0
04530,Fireball,30.0,Knight,58.0,Goblins,45.0,Tesla,97.0,,,,7,False,False,0.0,0.0
04545,Fireball,30.0,Knight,58.0,Goblins,45.0,Tesla,97.0,,,,7,False,False,0.0,0.0
04560,Fireball,30.0,Knight,58.0,Goblins,45.0,Tesla,97.0,,,,8,False,False,0.0,0.0
04575,Fireball,30.0,Knight,58.0,Goblins,45.0,Electro Spirit,23.0,Tesla,97.0,4.0,4,True,True,4.0,4.0
04590,Fireball,30.0,X,106.0,Goblins,45.0,Electro Spirit,23.0,Knight,58.0,2.0,1,True,True,3.0,3.0
04605,Fireball,30.0,X,106.0,Goblins,45.0,Electro Spirit,23.0,,,,2,False,False,0.0,0.0
04620,Fireball,30.0,X,106.0,Goblins,45.0,Electro Spirit,23.0,,,,2,False,False,0.0,0.0
04635,Fireball,30.0,X,106.0,Goblins,45.0,Electro Spirit,23.0,,,,3,False,False,0.0,0.0
04650,Fireball,30.0,X,106.0,Goblins,45.0,Electro Spirit,23.0,,,,3,False,False,0.0,0.0
04665,Fireball,30.0,X,106.0,Goblins,45.0,Electro Spirit,23.0,,,,3,False,False,0.0,0.0
04680,Fireball,30.0,X,106.0,Goblins,45.0,Electro Spirit,23.0,,,,4,False,False,0.0,0.0
04695,Fireball,30.0,X,106.0,Goblins,45.0,The Log,98.0,Electro Spirit,23.0,4.0,3,True,True,1.0,1.0
04710,Fireball,30.0,X,106.0,Goblins,45.0,The Log,98.0,,,,3,False,False,0.0,0.0
04725,Fireball,30.0,X,106.0,Goblins,45.0,The Log,98.0,,,,4,False,False,0.0,0.0
04740,Fireball,30.0,X,106.0,Goblins,45.0,The Log,98.0,,,,4,False,False,0.0,0.0
04755,Fireball,30.0,X,106.0,Goblins,45.0,The Log,98.0,,,,4,False,False,0.0,0.0
04770,Fireball,30.0,X,106.0,Goblins,45.0,The Log,98.0,,,,5,False,False,0.0,0.0
04785,Fireball,30.0,X,106.0,Goblins,45.0,The Log,98.0,,,,5,False,False,0.0,0.0
04800,Fireball,30.0,X,106.0,Goblins,45.0,The Log,98.0,,,,5,False,False,0.0,0.0
04815,Fireball,30.0,X,106.0,Goblins,45.0,The Log,98.0,,,,6,False,False,0.0,0.0
04830,Fireball,30.0,X,106.0,Goblins,45.0,The Log,98.0,,,,6,False,False,0.0,0.0
04845,Fireball,30.0,X,106.0,Goblins,45.0,The Log,98.0,,,,7,False,False,0.0,0.0
04860,Fireball,30.0,X,106.0,Goblins,45.0,The Log,98.0,,,,7,False,False,0.0,0.0
04875,Fireball,30.0,Archers,1.0,Goblins,45.0,The Log,98.0,X,106.0,2.0,7,True,True,5.0,6.0
04890,Fireball,30.0,Archers,1.0,Goblins,45.0,The Log,98.0,,,,2,False,False,0.0,0.0
04905,Fireball,30.0,Archers,1.0,Goblins,45.0,The Log,98.0,,,,2,False,False,0.0,0.0
04920,Fireball,30.0,Archers,1.0,Goblins,45.0,The Log,98.0,,,,2,False,False,0.0,0.0
04935,Fireball,30.0,Archers,1.0,Goblins,45.0,The Log,98.0,,,,3,False,False,0.0,0.0
04950,Fireball,30.0,Archers,1.0,Goblins,45.0,The Log,98.0,,,,3,False,False,0.0,0.0
04965,Fireball,30.0,Archers,1.0,Goblins,45.0,The Log,98.0,,,,3,False,False,0.0,0.0
04980,Fireball,30.0,Archers,1.0,Goblins,45.0,The Log,98.0,,,,4,False,False,0.0,0.0
04995,Fireball,30.0,Archers,1.0,Goblins,45.0,The Log,98.0,,,,4,False,False,0.0,0.0
05010,Fireball,30.0,Archers,1.0,Goblins,45.0,The Log,98.0,,,,4,False,False,0.0,0.0
05025,Fireball,30.0,Archers,1.0,Goblins,45.0,Tesla,97.0,The Log,98.0,4.0,3,True,True,1.0,2.0
05040,Fireball,30.0,Archers,1.0,Goblins,45.0,Tesla,97.0,,,,3,False,False,0.0,0.0
05055,Fireball,30.0,Archers,1.0,Goblins,45.0,Tesla,97.0,,,,4,False,False,0.0,0.0
05070,Fireball,30.0,Archers,1.0,Goblins,45.0,Tesla,97.0,,,,4,False,False,0.0,0.0
05085,Fireball,30.0,Archers,1.0,Goblins,45.0,Tesla,97.0,,,,4,False,False,0.0,0.0
05100,Fireball,30.0,Archers,1.0,Goblins,45.0,Tesla,97.0,,,,5,False,False,0.0,0.0
05115,Fireball,30.0,Archers,1.0,Goblins,45.0,Tesla,97.0,,,,5,False,False,0.0,0.0
05130,Fireball,30.0,Archers,1.0,Goblins,45.0,Tesla,97.0,,,,5,False,False,0.0,0.0
05145,Fireball,30.0,Archers,1.0,Knight,58.0,Tesla,97.0,Goblins,45.0,3.0,4,True,True,1.0,2.0
05160,Fireball,30.0,Archers,1.0,Knight,58.0,Tesla,97.0,,,,4,False,False,0.0,0.0
05175,Fireball,30.0,Electro Spirit,23.0,Knight,58.0,Tesla,97.0,Archers,1.0,2.0,1,True,True,3.0,3.0
05190,Fireball,30.0,Electro Spirit,23.0,Knight,58.0,Tesla,97.0,,,,2,False,False,0.0,0.0
05205,Fireball,30.0,Electro Spirit,23.0,Knight,58.0,Tesla,97.0,,,,2,False,False,0.0,0.0
05220,Fireball,30.0,Electro Spirit,23.0,Knight,58.0,Tesla,97.0,,,,2,False,False,0.0,0.0
05235,Fireball,30.0,Electro Spirit,23.0,Knight,58.0,Tesla,97.0,,,,3,False,False,0.0,0.0
05250,Fireball,30.0,Electro Spirit,23.0,Knight,58.0,Tesla,97.0,,,,3,False,False,0.0,0.0
05265,Fireball,30.0,Electro Spirit,23.0,Knight,58.0,Tesla,97.0,,,,4,False,False,0.0,0.0
05280,Fireball,30.0,Electro Spirit,23.0,Knight,58.0,Tesla,97.0,,,,4,False,False,0.0,0.0
05295,Fireball,30.0,Electro Spirit,23.0,Knight,58.0,Tesla,97.0,,,,4,False,False,0.0,0.0
05310,Fireball,30.0,Electro Spirit,23.0,Knight,58.0,Tesla,97.0,,,,5,False,False,0.0,0.0
05325,Fireball,30.0,Electro Spirit,23.0,Knight,58.0,Tesla,97.0,,,,1,False,True,4.0,0.0
05340,Fireball,30.0,Electro Spirit,23.0,Knight,58.0,Tesla,97.0,,,,1,False,False,0.0,0.0
05355,Fireball,30.0,Electro Spirit,23.0,Knight,58.0,Tesla,97.0,,,,2,False,False,0.0,0.0
05370,Fireball,30.0,The Log,98.0,Knight,58.0,Tesla,97.0,Electro Spirit,23.0,2.0,1,True,True,1.0,1.0
05385,Fireball,30.0,The Log,98.0,Knight,58.0,Tesla,97.0,,,,1,False,False,0.0,0.0
05400,Fireball,30.0,The Log,98.0,Knight,58.0,Tesla,97.0,,,,2,False,False,0.0,0.0
05415,Fireball,30.0,The Log,98.0,Knight,58.0,Tesla,97.0,,,,2,False,False,0.0,0.0
05430,Fireball,30.0,The Log,98.0,Knight,58.0,Tesla,97.0,,,,2,False,False,0.0,0.0
05445,Fireball,30.0,The Log,98.0,Knight,58.0,Tesla,97.0,,,,3,False,False,0.0,0.0
05460,Fireball,30.0,The Log,98.0,Knight,58.0,Tesla,97.0,,,,3,False,False,0.0,0.0
05475,Fireball,30.0,The Log,98.0,Knight,58.0,Tesla,97.0,,,,4,False,False,0.0,0.0
05490,Fireball,30.0,The Log,98.0,Knight,58.0,Tesla,97.0,,,,4,False,False,0.0,0.0
05505,Fireball,30.0,The Log,98.0,Knight,58.0,Tesla,97.0,,,,4,False,False,0.0,0.0
05520,Fireball,30.0,The Log,98.0,Knight,58.0,Tesla,97.0,,,,1,False,True,3.0,0.0
05535,Fireball,30.0,The Log,98.0,Knight,58.0,Tesla,97.0,,,,1,False,False,0.0,0.0
